/*--------------------------------*- C++ -*----------------------------------*\
  =========                 |
  \\      /  F ield         | OpenFOAM: The Open Source CFD Toolbox
   \\    /   O peration     | Website:  https://openfoam.org
    \\  /    A nd           | Version:  dev
     \\/     M anipulation  |
\*---------------------------------------------------------------------------*/
FoamFile
{
    version     2.0;
    format      ascii;
    class       volScalarField;
    location    "40";
    object      sigmazz;
}
// * * * * * * * * * * * * * * * * * * * * * * * * * * * * * * * * * * * * * //

dimensions      [1 -1 -2 0 0 0 0];

internalField   nonuniform List<scalar> 
1000
(
-5.07714e+08
-5.07709e+08
-5.07706e+08
-5.07703e+08
-5.07702e+08
-5.077e+08
-5.07699e+08
-5.07699e+08
-5.07699e+08
-5.07698e+08
-5.07736e+08
-5.07728e+08
-5.07722e+08
-5.07717e+08
-5.07713e+08
-5.0771e+08
-5.07708e+08
-5.07707e+08
-5.07705e+08
-5.07703e+08
-5.07757e+08
-5.07745e+08
-5.07736e+08
-5.0773e+08
-5.07724e+08
-5.0772e+08
-5.07716e+08
-5.07713e+08
-5.07711e+08
-5.07707e+08
-5.07775e+08
-5.0776e+08
-5.0775e+08
-5.07741e+08
-5.07734e+08
-5.07728e+08
-5.07723e+08
-5.07719e+08
-5.07715e+08
-5.07711e+08
-5.07791e+08
-5.07774e+08
-5.07761e+08
-5.07751e+08
-5.07742e+08
-5.07735e+08
-5.07729e+08
-5.07724e+08
-5.07719e+08
-5.07714e+08
-5.07804e+08
-5.07785e+08
-5.07771e+08
-5.07759e+08
-5.07749e+08
-5.07741e+08
-5.07734e+08
-5.07728e+08
-5.07722e+08
-5.07716e+08
-5.07815e+08
-5.07794e+08
-5.07779e+08
-5.07766e+08
-5.07755e+08
-5.07746e+08
-5.07738e+08
-5.07731e+08
-5.07725e+08
-5.07719e+08
-5.07822e+08
-5.078e+08
-5.07784e+08
-5.0777e+08
-5.07759e+08
-5.07749e+08
-5.07741e+08
-5.07733e+08
-5.07727e+08
-5.0772e+08
-5.07826e+08
-5.07803e+08
-5.07787e+08
-5.07773e+08
-5.07761e+08
-5.07751e+08
-5.07743e+08
-5.07735e+08
-5.07728e+08
-5.07722e+08
-5.07827e+08
-5.07805e+08
-5.07788e+08
-5.07774e+08
-5.07762e+08
-5.07752e+08
-5.07743e+08
-5.07735e+08
-5.07728e+08
-5.07721e+08
-5.07538e+08
-5.07565e+08
-5.07585e+08
-5.07601e+08
-5.07615e+08
-5.07627e+08
-5.07637e+08
-5.07645e+08
-5.07653e+08
-5.0766e+08
-5.07541e+08
-5.07569e+08
-5.07587e+08
-5.07603e+08
-5.07616e+08
-5.07628e+08
-5.07637e+08
-5.07646e+08
-5.07653e+08
-5.0766e+08
-5.0755e+08
-5.07576e+08
-5.07594e+08
-5.07609e+08
-5.07621e+08
-5.07631e+08
-5.0764e+08
-5.07648e+08
-5.07655e+08
-5.07662e+08
-5.07565e+08
-5.07587e+08
-5.07603e+08
-5.07616e+08
-5.07628e+08
-5.07637e+08
-5.07645e+08
-5.07652e+08
-5.07659e+08
-5.07665e+08
-5.07583e+08
-5.07601e+08
-5.07615e+08
-5.07626e+08
-5.07636e+08
-5.07644e+08
-5.07651e+08
-5.07657e+08
-5.07662e+08
-5.07668e+08
-5.07604e+08
-5.07618e+08
-5.07629e+08
-5.07638e+08
-5.07646e+08
-5.07652e+08
-5.07657e+08
-5.07662e+08
-5.07667e+08
-5.07672e+08
-5.07626e+08
-5.07636e+08
-5.07644e+08
-5.07651e+08
-5.07656e+08
-5.07661e+08
-5.07665e+08
-5.07668e+08
-5.07672e+08
-5.07676e+08
-5.07647e+08
-5.07654e+08
-5.07659e+08
-5.07663e+08
-5.07667e+08
-5.0767e+08
-5.07673e+08
-5.07675e+08
-5.07677e+08
-5.0768e+08
-5.0767e+08
-5.07672e+08
-5.07675e+08
-5.07677e+08
-5.07678e+08
-5.0768e+08
-5.07681e+08
-5.07682e+08
-5.07682e+08
-5.07685e+08
-5.07692e+08
-5.0769e+08
-5.0769e+08
-5.0769e+08
-5.0769e+08
-5.0769e+08
-5.0769e+08
-5.0769e+08
-5.07689e+08
-5.0769e+08
-5.07666e+08
-5.07672e+08
-5.07677e+08
-5.07682e+08
-5.07686e+08
-5.0769e+08
-5.07694e+08
-5.07698e+08
-5.07701e+08
-5.07705e+08
-5.07709e+08
-5.07712e+08
-5.07716e+08
-5.0772e+08
-5.07724e+08
-5.07728e+08
-5.07732e+08
-5.07737e+08
-5.07741e+08
-5.07746e+08
-5.07666e+08
-5.07672e+08
-5.07677e+08
-5.07681e+08
-5.07685e+08
-5.07689e+08
-5.07693e+08
-5.07697e+08
-5.07701e+08
-5.07704e+08
-5.07708e+08
-5.07712e+08
-5.07716e+08
-5.0772e+08
-5.07723e+08
-5.07728e+08
-5.07732e+08
-5.07736e+08
-5.07741e+08
-5.07747e+08
-5.07668e+08
-5.07673e+08
-5.07678e+08
-5.07682e+08
-5.07686e+08
-5.0769e+08
-5.07693e+08
-5.07697e+08
-5.077e+08
-5.07704e+08
-5.07708e+08
-5.07711e+08
-5.07715e+08
-5.07719e+08
-5.07723e+08
-5.07727e+08
-5.07731e+08
-5.07736e+08
-5.0774e+08
-5.07746e+08
-5.07671e+08
-5.07676e+08
-5.07679e+08
-5.07683e+08
-5.07686e+08
-5.0769e+08
-5.07693e+08
-5.07696e+08
-5.077e+08
-5.07703e+08
-5.07707e+08
-5.07711e+08
-5.07714e+08
-5.07718e+08
-5.07722e+08
-5.07726e+08
-5.0773e+08
-5.07734e+08
-5.07739e+08
-5.07745e+08
-5.07674e+08
-5.07678e+08
-5.07681e+08
-5.07684e+08
-5.07687e+08
-5.0769e+08
-5.07693e+08
-5.07696e+08
-5.07699e+08
-5.07703e+08
-5.07706e+08
-5.07709e+08
-5.07713e+08
-5.07717e+08
-5.0772e+08
-5.07724e+08
-5.07729e+08
-5.07733e+08
-5.07738e+08
-5.07743e+08
-5.07678e+08
-5.07681e+08
-5.07683e+08
-5.07685e+08
-5.07687e+08
-5.0769e+08
-5.07693e+08
-5.07695e+08
-5.07698e+08
-5.07702e+08
-5.07705e+08
-5.07708e+08
-5.07712e+08
-5.07715e+08
-5.07719e+08
-5.07723e+08
-5.07727e+08
-5.07731e+08
-5.07736e+08
-5.07741e+08
-5.07681e+08
-5.07684e+08
-5.07685e+08
-5.07686e+08
-5.07688e+08
-5.0769e+08
-5.07692e+08
-5.07695e+08
-5.07697e+08
-5.077e+08
-5.07703e+08
-5.07707e+08
-5.0771e+08
-5.07713e+08
-5.07717e+08
-5.07721e+08
-5.07725e+08
-5.07729e+08
-5.07734e+08
-5.07739e+08
-5.07685e+08
-5.07687e+08
-5.07687e+08
-5.07687e+08
-5.07688e+08
-5.0769e+08
-5.07692e+08
-5.07694e+08
-5.07696e+08
-5.07699e+08
-5.07702e+08
-5.07705e+08
-5.07708e+08
-5.07711e+08
-5.07715e+08
-5.07719e+08
-5.07722e+08
-5.07727e+08
-5.07731e+08
-5.07736e+08
-5.07689e+08
-5.07689e+08
-5.07688e+08
-5.07688e+08
-5.07688e+08
-5.07689e+08
-5.07691e+08
-5.07693e+08
-5.07695e+08
-5.07698e+08
-5.077e+08
-5.07703e+08
-5.07706e+08
-5.07709e+08
-5.07713e+08
-5.07716e+08
-5.0772e+08
-5.07724e+08
-5.07728e+08
-5.07733e+08
-5.07693e+08
-5.07692e+08
-5.0769e+08
-5.07689e+08
-5.07689e+08
-5.0769e+08
-5.07691e+08
-5.07692e+08
-5.07694e+08
-5.07697e+08
-5.07699e+08
-5.07702e+08
-5.07705e+08
-5.07708e+08
-5.07711e+08
-5.07714e+08
-5.07717e+08
-5.07721e+08
-5.07725e+08
-5.0773e+08
-5.07693e+08
-5.07692e+08
-5.07692e+08
-5.07691e+08
-5.07691e+08
-5.07691e+08
-5.07692e+08
-5.07694e+08
-5.07695e+08
-5.07697e+08
-5.07699e+08
-5.07702e+08
-5.07704e+08
-5.07707e+08
-5.0771e+08
-5.07713e+08
-5.07716e+08
-5.07719e+08
-5.07721e+08
-5.07725e+08
-5.07692e+08
-5.07692e+08
-5.07691e+08
-5.07691e+08
-5.07691e+08
-5.07692e+08
-5.07693e+08
-5.07694e+08
-5.07695e+08
-5.07697e+08
-5.07699e+08
-5.07701e+08
-5.07703e+08
-5.07706e+08
-5.07708e+08
-5.07711e+08
-5.07714e+08
-5.07716e+08
-5.07718e+08
-5.07721e+08
-5.07692e+08
-5.07692e+08
-5.07691e+08
-5.07691e+08
-5.07691e+08
-5.07692e+08
-5.07692e+08
-5.07694e+08
-5.07695e+08
-5.07697e+08
-5.07698e+08
-5.077e+08
-5.07702e+08
-5.07704e+08
-5.07707e+08
-5.07709e+08
-5.07711e+08
-5.07713e+08
-5.07715e+08
-5.07717e+08
-5.07692e+08
-5.07692e+08
-5.07691e+08
-5.07691e+08
-5.07691e+08
-5.07692e+08
-5.07692e+08
-5.07693e+08
-5.07694e+08
-5.07696e+08
-5.07698e+08
-5.07699e+08
-5.07701e+08
-5.07703e+08
-5.07705e+08
-5.07707e+08
-5.07709e+08
-5.07711e+08
-5.07712e+08
-5.07713e+08
-5.07692e+08
-5.07691e+08
-5.07691e+08
-5.07691e+08
-5.07691e+08
-5.07691e+08
-5.07692e+08
-5.07693e+08
-5.07694e+08
-5.07695e+08
-5.07697e+08
-5.07698e+08
-5.077e+08
-5.07702e+08
-5.07703e+08
-5.07705e+08
-5.07707e+08
-5.07708e+08
-5.07709e+08
-5.0771e+08
-5.07691e+08
-5.07691e+08
-5.0769e+08
-5.0769e+08
-5.0769e+08
-5.0769e+08
-5.07691e+08
-5.07692e+08
-5.07693e+08
-5.07694e+08
-5.07696e+08
-5.07697e+08
-5.07699e+08
-5.077e+08
-5.07702e+08
-5.07703e+08
-5.07705e+08
-5.07706e+08
-5.07707e+08
-5.07708e+08
-5.0769e+08
-5.07689e+08
-5.07689e+08
-5.07689e+08
-5.07689e+08
-5.0769e+08
-5.0769e+08
-5.07691e+08
-5.07692e+08
-5.07693e+08
-5.07695e+08
-5.07696e+08
-5.07697e+08
-5.07699e+08
-5.077e+08
-5.07702e+08
-5.07703e+08
-5.07704e+08
-5.07705e+08
-5.07706e+08
-5.07689e+08
-5.07688e+08
-5.07688e+08
-5.07688e+08
-5.07688e+08
-5.07688e+08
-5.07689e+08
-5.0769e+08
-5.07691e+08
-5.07692e+08
-5.07693e+08
-5.07695e+08
-5.07696e+08
-5.07697e+08
-5.07699e+08
-5.077e+08
-5.07701e+08
-5.07703e+08
-5.07704e+08
-5.07705e+08
-5.07687e+08
-5.07686e+08
-5.07686e+08
-5.07686e+08
-5.07687e+08
-5.07687e+08
-5.07688e+08
-5.07689e+08
-5.0769e+08
-5.07691e+08
-5.07692e+08
-5.07693e+08
-5.07695e+08
-5.07696e+08
-5.07697e+08
-5.07698e+08
-5.077e+08
-5.07701e+08
-5.07703e+08
-5.07704e+08
-5.07684e+08
-5.07684e+08
-5.07684e+08
-5.07684e+08
-5.07685e+08
-5.07686e+08
-5.07686e+08
-5.07687e+08
-5.07688e+08
-5.07689e+08
-5.07691e+08
-5.07692e+08
-5.07693e+08
-5.07694e+08
-5.07696e+08
-5.07697e+08
-5.07698e+08
-5.077e+08
-5.07701e+08
-5.07703e+08
-5.07682e+08
-5.07682e+08
-5.07682e+08
-5.07683e+08
-5.07683e+08
-5.07684e+08
-5.07685e+08
-5.07686e+08
-5.07687e+08
-5.07688e+08
-5.07689e+08
-5.07691e+08
-5.07692e+08
-5.07693e+08
-5.07694e+08
-5.07695e+08
-5.07697e+08
-5.07698e+08
-5.077e+08
-5.07702e+08
-5.07679e+08
-5.07679e+08
-5.0768e+08
-5.0768e+08
-5.07681e+08
-5.07682e+08
-5.07683e+08
-5.07684e+08
-5.07685e+08
-5.07687e+08
-5.07688e+08
-5.07689e+08
-5.0769e+08
-5.07692e+08
-5.07693e+08
-5.07694e+08
-5.07695e+08
-5.07696e+08
-5.07698e+08
-5.077e+08
-5.07676e+08
-5.07677e+08
-5.07677e+08
-5.07678e+08
-5.07679e+08
-5.0768e+08
-5.07681e+08
-5.07683e+08
-5.07684e+08
-5.07685e+08
-5.07686e+08
-5.07688e+08
-5.07689e+08
-5.0769e+08
-5.07691e+08
-5.07692e+08
-5.07693e+08
-5.07694e+08
-5.07696e+08
-5.07698e+08
-5.07673e+08
-5.07674e+08
-5.07675e+08
-5.07676e+08
-5.07677e+08
-5.07678e+08
-5.07679e+08
-5.07681e+08
-5.07682e+08
-5.07684e+08
-5.07685e+08
-5.07686e+08
-5.07688e+08
-5.07689e+08
-5.0769e+08
-5.07691e+08
-5.07691e+08
-5.07692e+08
-5.07692e+08
-5.07695e+08
-5.0767e+08
-5.07671e+08
-5.07672e+08
-5.07673e+08
-5.07675e+08
-5.07676e+08
-5.07678e+08
-5.07679e+08
-5.07681e+08
-5.07682e+08
-5.07684e+08
-5.07685e+08
-5.07687e+08
-5.07688e+08
-5.07689e+08
-5.0769e+08
-5.0769e+08
-5.07689e+08
-5.07688e+08
-5.07689e+08
-5.07667e+08
-5.07668e+08
-5.07669e+08
-5.07671e+08
-5.07672e+08
-5.07674e+08
-5.07676e+08
-5.07677e+08
-5.07679e+08
-5.07681e+08
-5.07682e+08
-5.07684e+08
-5.07686e+08
-5.07687e+08
-5.07689e+08
-5.07689e+08
-5.07689e+08
-5.07686e+08
-5.07683e+08
-5.0768e+08
-5.07663e+08
-5.07665e+08
-5.07667e+08
-5.07668e+08
-5.0767e+08
-5.07672e+08
-5.07673e+08
-5.07675e+08
-5.07677e+08
-5.07679e+08
-5.07681e+08
-5.07683e+08
-5.07685e+08
-5.07687e+08
-5.07689e+08
-5.0769e+08
-5.07689e+08
-5.07685e+08
-5.07678e+08
-5.07666e+08
-5.0766e+08
-5.07662e+08
-5.07664e+08
-5.07666e+08
-5.07668e+08
-5.07669e+08
-5.07671e+08
-5.07673e+08
-5.07675e+08
-5.07677e+08
-5.0768e+08
-5.07682e+08
-5.07685e+08
-5.07687e+08
-5.0769e+08
-5.07692e+08
-5.07693e+08
-5.0769e+08
-5.07677e+08
-5.07647e+08
-5.07656e+08
-5.07658e+08
-5.07661e+08
-5.07663e+08
-5.07665e+08
-5.07667e+08
-5.07669e+08
-5.07671e+08
-5.07673e+08
-5.07676e+08
-5.07678e+08
-5.07681e+08
-5.07684e+08
-5.07687e+08
-5.07692e+08
-5.07697e+08
-5.07702e+08
-5.07703e+08
-5.0769e+08
-5.07634e+08
-5.07652e+08
-5.07655e+08
-5.07657e+08
-5.0766e+08
-5.07662e+08
-5.07664e+08
-5.07666e+08
-5.07669e+08
-5.07671e+08
-5.07673e+08
-5.07676e+08
-5.07679e+08
-5.07682e+08
-5.07686e+08
-5.07692e+08
-5.077e+08
-5.07713e+08
-5.07732e+08
-5.07745e+08
-5.0769e+08
-5.07715e+08
-5.07716e+08
-5.07715e+08
-5.07713e+08
-5.07711e+08
-5.07708e+08
-5.07705e+08
-5.07702e+08
-5.07699e+08
-5.07695e+08
-5.0771e+08
-5.0771e+08
-5.07709e+08
-5.07708e+08
-5.07706e+08
-5.07704e+08
-5.07702e+08
-5.077e+08
-5.07698e+08
-5.07695e+08
-5.07705e+08
-5.07705e+08
-5.07705e+08
-5.07704e+08
-5.07703e+08
-5.07702e+08
-5.077e+08
-5.07699e+08
-5.07698e+08
-5.07695e+08
-5.07701e+08
-5.07701e+08
-5.07701e+08
-5.077e+08
-5.077e+08
-5.07699e+08
-5.07698e+08
-5.07698e+08
-5.07697e+08
-5.07696e+08
-5.07696e+08
-5.07697e+08
-5.07697e+08
-5.07696e+08
-5.07696e+08
-5.07696e+08
-5.07696e+08
-5.07696e+08
-5.07696e+08
-5.07695e+08
-5.07692e+08
-5.07693e+08
-5.07693e+08
-5.07693e+08
-5.07693e+08
-5.07693e+08
-5.07693e+08
-5.07694e+08
-5.07694e+08
-5.07694e+08
-5.07689e+08
-5.07689e+08
-5.07689e+08
-5.07689e+08
-5.0769e+08
-5.0769e+08
-5.07691e+08
-5.07691e+08
-5.07692e+08
-5.07692e+08
-5.07685e+08
-5.07685e+08
-5.07685e+08
-5.07686e+08
-5.07686e+08
-5.07687e+08
-5.07688e+08
-5.07689e+08
-5.0769e+08
-5.0769e+08
-5.07681e+08
-5.07681e+08
-5.07682e+08
-5.07682e+08
-5.07683e+08
-5.07684e+08
-5.07685e+08
-5.07686e+08
-5.07687e+08
-5.07688e+08
-5.07677e+08
-5.07678e+08
-5.07678e+08
-5.07679e+08
-5.07679e+08
-5.0768e+08
-5.07681e+08
-5.07683e+08
-5.07684e+08
-5.07685e+08
-5.07674e+08
-5.07674e+08
-5.07674e+08
-5.07675e+08
-5.07676e+08
-5.07677e+08
-5.07678e+08
-5.0768e+08
-5.07681e+08
-5.07682e+08
-5.0767e+08
-5.0767e+08
-5.07671e+08
-5.07671e+08
-5.07672e+08
-5.07673e+08
-5.07675e+08
-5.07676e+08
-5.07678e+08
-5.07679e+08
-5.07666e+08
-5.07667e+08
-5.07667e+08
-5.07668e+08
-5.07669e+08
-5.0767e+08
-5.07671e+08
-5.07673e+08
-5.07675e+08
-5.07676e+08
-5.07663e+08
-5.07663e+08
-5.07663e+08
-5.07664e+08
-5.07665e+08
-5.07666e+08
-5.07668e+08
-5.07669e+08
-5.07671e+08
-5.07673e+08
-5.07659e+08
-5.07659e+08
-5.07659e+08
-5.0766e+08
-5.07661e+08
-5.07662e+08
-5.07664e+08
-5.07665e+08
-5.07667e+08
-5.07669e+08
-5.07655e+08
-5.07655e+08
-5.07655e+08
-5.07656e+08
-5.07657e+08
-5.07658e+08
-5.0766e+08
-5.07662e+08
-5.07664e+08
-5.07666e+08
-5.07651e+08
-5.07651e+08
-5.07651e+08
-5.07652e+08
-5.07653e+08
-5.07654e+08
-5.07656e+08
-5.07658e+08
-5.0766e+08
-5.07662e+08
-5.07647e+08
-5.07647e+08
-5.07647e+08
-5.07648e+08
-5.07649e+08
-5.0765e+08
-5.07651e+08
-5.07653e+08
-5.07656e+08
-5.07658e+08
-5.07642e+08
-5.07642e+08
-5.07642e+08
-5.07643e+08
-5.07644e+08
-5.07645e+08
-5.07647e+08
-5.07649e+08
-5.07651e+08
-5.07654e+08
-5.07638e+08
-5.07637e+08
-5.07638e+08
-5.07638e+08
-5.07639e+08
-5.0764e+08
-5.07642e+08
-5.07644e+08
-5.07647e+08
-5.07649e+08
)
;

boundaryField
{
    left
    {
        type            symmetryPlane;
    }
    right
    {
        type            calculated;
        value           nonuniform List<scalar> 
30
(
-5.07745e+08
-5.07746e+08
-5.07745e+08
-5.07744e+08
-5.07742e+08
-5.0774e+08
-5.07737e+08
-5.07735e+08
-5.07732e+08
-5.07728e+08
-5.07725e+08
-5.0772e+08
-5.07716e+08
-5.07713e+08
-5.0771e+08
-5.07708e+08
-5.07707e+08
-5.07705e+08
-5.07704e+08
-5.07703e+08
-5.07702e+08
-5.077e+08
-5.07698e+08
-5.07695e+08
-5.07691e+08
-5.07683e+08
-5.07673e+08
-5.07659e+08
-5.07649e+08
-5.07671e+08
)
;
    }
    down
    {
        type            symmetryPlane;
    }
    up
    {
        type            calculated;
        value           nonuniform List<scalar> 
30
(
-5.07638e+08
-5.07638e+08
-5.07638e+08
-5.07639e+08
-5.0764e+08
-5.07641e+08
-5.07643e+08
-5.07645e+08
-5.07648e+08
-5.0765e+08
-5.07653e+08
-5.07656e+08
-5.07658e+08
-5.0766e+08
-5.07663e+08
-5.07665e+08
-5.07667e+08
-5.07669e+08
-5.07671e+08
-5.07674e+08
-5.07676e+08
-5.07678e+08
-5.07681e+08
-5.07685e+08
-5.0769e+08
-5.07697e+08
-5.07707e+08
-5.0772e+08
-5.07731e+08
-5.07709e+08
)
;
    }
    hole
    {
        type            calculated;
        value           nonuniform List<scalar> 
20
(
-5.07712e+08
-5.07732e+08
-5.07751e+08
-5.07768e+08
-5.07783e+08
-5.07796e+08
-5.07806e+08
-5.07812e+08
-5.07816e+08
-5.07817e+08
-5.07552e+08
-5.07555e+08
-5.07563e+08
-5.07576e+08
-5.07592e+08
-5.07611e+08
-5.0763e+08
-5.0765e+08
-5.07671e+08
-5.07691e+08
)
;
    }
    frontAndBack
    {
        type            empty;
    }
}


// ************************************************************************* //
