/*--------------------------------*- C++ -*----------------------------------*\
  =========                 |
  \\      /  F ield         | OpenFOAM: The Open Source CFD Toolbox
   \\    /   O peration     | Website:  https://openfoam.org
    \\  /    A nd           | Version:  dev
     \\/     M anipulation  |
\*---------------------------------------------------------------------------*/
FoamFile
{
    version     2.0;
    format      ascii;
    class       volSymmTensorField;
    location    "40";
    object      sigma;
}
// * * * * * * * * * * * * * * * * * * * * * * * * * * * * * * * * * * * * * //

dimensions      [1 -1 -2 0 0 0 0];

internalField   nonuniform List<symmTensor> 
1000
(
(-16168 45328.1 6.39663e-10 -79120.5 6.86956e-10 -5.07714e+08)
(-110418 14024.5 4.32872e-09 37503 4.6746e-09 -5.07709e+08)
(-156475 -1882.08 -3.49421e-09 98656.3 -6.41578e-09 -5.07706e+08)
(-179126 -9744.04 -2.58094e-09 130989 -2.78945e-09 -5.07703e+08)
(-188365 -13468.7 5.93117e-09 147839 1.09664e-08 -5.07702e+08)
(-190045 -15157.8 3.00624e-09 155050 3.25029e-09 -5.077e+08)
(-187157 -15897.5 -2.26143e-09 156272 5.56176e-09 -5.07699e+08)
(-181622 -15910.4 -4.91611e-10 153254 -6.19416e-09 -5.07699e+08)
(-175799 -15619.3 -6.83708e-09 147119 -3.82268e-09 -5.07699e+08)
(-166544 -13578.7 0 141859 0 -5.07698e+08)
(-87490.9 91357.5 -3.3148e-09 -102092 2.68967e-09 -5.07736e+08)
(-158786 29961 0 5494.09 0 -5.07728e+08)
(-191350 -3050.65 2.72712e-09 62882.3 -2.33432e-09 -5.07722e+08)
(-203892 -20747.9 -5.051e-09 96262.2 4.32307e-09 -5.07717e+08)
(-206862 -30390.9 -2.50216e-09 115197 1.8217e-09 -5.07713e+08)
(-204226 -35568.4 4.91536e-09 125445 1.55962e-09 -5.0771e+08)
(-199016 -38208.3 2.08515e-09 129335 -1.74557e-09 -5.07708e+08)
(-192045 -38922.4 2.05384e-09 129527 -7.74293e-09 -5.07707e+08)
(-184266 -37636.4 0 127147 0 -5.07705e+08)
(-174293 -33356.8 0 127488 0 -5.07703e+08)
(-167869 126880 0 -110944 0 -5.07757e+08)
(-207419 42475.4 0 -20598.7 0 -5.07745e+08)
(-221538 -3501.27 3.05853e-09 30154.2 -1.87853e-09 -5.07736e+08)
(-223108 -29099.7 2.12962e-09 61185.5 3.18433e-09 -5.0773e+08)
(-218690 -43351.4 3.26762e-11 80769.6 4.88697e-11 -5.07724e+08)
(-211345 -51045.1 -4.80171e-09 92786.5 -1.97648e-09 -5.0772e+08)
(-202698 -54638.2 -3.90904e-10 99461.5 -5.4757e-09 -5.07716e+08)
(-193216 -55187.2 -2.19527e-09 102751 1.32768e-09 -5.07713e+08)
(-183093 -53196.2 2.79529e-09 103803 4.18196e-09 -5.07711e+08)
(-171400 -48902.7 7.0965e-10 107118 2.63722e-09 -5.07707e+08)
(-251487 149960 -1.6552e-09 -106726 1.41147e-09 -5.07775e+08)
(-255681 51522.8 -1.60352e-09 -39359.7 -2.85865e-09 -5.0776e+08)
(-249528 -3098.08 -1.64602e-09 97.2426 7.30926e-10 -5.0775e+08)
(-238111 -33722.3 1.78301e-09 27003.4 3.18099e-09 -5.07741e+08)
(-225430 -51065 4.64555e-09 45613.5 1.96383e-09 -5.07734e+08)
(-212474 -60316.4 -2.55767e-09 58616.2 1.35414e-09 -5.07728e+08)
(-199880 -64511.3 -2.33255e-09 67148.7 1.39755e-09 -5.07723e+08)
(-187342 -65091 -5.60411e-09 72742.9 3.10573e-09 -5.07719e+08)
(-174540 -63066.5 -3.53903e-09 76470.7 -3.83691e-09 -5.07715e+08)
(-160883 -59479.5 2.67223e-09 81649.3 1.61913e-09 -5.07711e+08)
(-333798 158460 -2.14735e-09 -94216.5 4.41049e-10 -5.07791e+08)
(-301819 56022.4 3.85858e-11 -52489.3 8.3567e-11 -5.07774e+08)
(-274008 -1600.19 -4.83333e-09 -25356.1 2.36444e-09 -5.07761e+08)
(-249469 -34550.8 -7.63894e-10 -4539.88 -1.65558e-09 -5.07751e+08)
(-228114 -53276.1 1.7206e-09 11859.3 3.72976e-09 -5.07742e+08)
(-209358 -63347.5 4.43323e-09 24591.7 2.7039e-09 -5.07735e+08)
(-192514 -67889.2 1.0655e-09 34213.9 2.31021e-09 -5.07729e+08)
(-176751 -68682.8 1.33844e-09 41519 -3.2172e-09 -5.07724e+08)
(-161489 -67072.9 -6.46286e-09 47069.6 -1.11192e-08 -5.07719e+08)
(-146139 -64335.2 -1.81438e-09 53460.1 6.82365e-10 -5.07714e+08)
(-409132 153022 -4.05081e-09 -76328.1 1.35057e-09 -5.07804e+08)
(-343527 55421.1 3.1902e-11 -59863.4 8.63412e-11 -5.07785e+08)
(-295419 -168.737 -3.19009e-11 -46340.8 -8.63741e-11 -5.07771e+08)
(-257872 -32060.7 -6.31556e-10 -32128.9 -1.71045e-09 -5.07759e+08)
(-228115 -50423.1 -2.94254e-09 -18843 9.5813e-10 -5.07749e+08)
(-203623 -60376.6 -7.87325e-11 -6994.4 -2.133e-10 -5.07741e+08)
(-182741 -65015.5 2.51237e-09 2935.91 -1.04238e-09 -5.07734e+08)
(-164037 -66115.4 6.84697e-09 11205.3 4.80768e-11 -5.07728e+08)
(-146563 -65012.9 1.12159e-09 18155.3 -4.61951e-10 -5.07722e+08)
(-129774 -63074.3 -3.04494e-09 25370.3 -1.60737e-09 -5.07716e+08)
(-472509 134068 1.66057e-09 -57246 -1.9624e-09 -5.07815e+08)
(-377661 49647.9 -8.15909e-10 -63331 -2.88865e-09 -5.07794e+08)
(-312132 1215.79 1.71948e-09 -62105.4 -5.08399e-10 -5.07779e+08)
(-263586 -26895 5.4535e-10 -54658.9 1.93205e-09 -5.07766e+08)
(-226456 -43170.3 4.14026e-09 -44724.3 3.28581e-09 -5.07755e+08)
(-196965 -52142.4 -3.94374e-09 -34347.8 -3.32344e-09 -5.07746e+08)
(-172503 -56452.7 -2.48139e-09 -24563.4 -8.79428e-09 -5.07738e+08)
(-151251 -57710.9 -2.49813e-09 -15710.4 5.83376e-10 -5.07731e+08)
(-132004 -57133.7 1.34003e-09 -7900.02 4.74949e-09 -5.07725e+08)
(-114064 -55912.2 -7.75051e-10 -183.144 3.00365e-09 -5.07719e+08)
(-520581 104425 6.25884e-09 -39915.6 -1.33598e-09 -5.07822e+08)
(-402786 39503.4 -3.85137e-09 -64191.2 6.11451e-10 -5.078e+08)
(-323683 2121.67 -2.75261e-11 -73140.4 -1.38235e-10 -5.07784e+08)
(-266759 -19660.6 -7.47962e-10 -71502.5 -3.75716e-09 -5.0777e+08)
(-223991 -32385.4 6.85531e-09 -64712.6 2.76218e-09 -5.07759e+08)
(-190562 -39490.9 7.83826e-10 -55814.8 3.93844e-09 -5.07749e+08)
(-163330 -43036.4 3.59743e-11 -46454.1 1.80771e-10 -5.07741e+08)
(-140125 -44244.2 -2.00842e-09 -37419.7 3.03764e-09 -5.07733e+08)
(-119513 -44063.2 -4.72269e-10 -29009.1 -2.37329e-09 -5.07727e+08)
(-100702 -43426.8 -2.29459e-10 -20966.3 -2.66111e-09 -5.0772e+08)
(-551307 66590 4.36842e-09 -26363.6 6.06536e-10 -5.07826e+08)
(-417935 26684.3 -3.68014e-09 -63193 2.05574e-09 -5.07803e+08)
(-330427 3346.21 -3.90788e-10 -79810.6 -3.29822e-09 -5.07787e+08)
(-268037 -10420.6 -6.65122e-10 -82468 -5.61499e-09 -5.07773e+08)
(-221575 -18535.7 5.04771e-10 -78195.7 4.26202e-09 -5.07761e+08)
(-185536 -23138.2 3.35836e-09 -70554.5 3.76011e-09 -5.07751e+08)
(-156413 -25494.1 -5.26419e-10 -61642.6 -4.44562e-09 -5.07743e+08)
(-131909 -26414.5 5.08963e-09 -52489.4 -6.03362e-10 -5.07735e+08)
(-110412 -26465.2 1.1981e-09 -43718.5 -1.89984e-10 -5.07728e+08)
(-91081.8 -26305.3 1.58324e-09 -35492.3 8.10029e-09 -5.07722e+08)
(-562970 23567.1 4.39337e-09 -18727.3 1.88531e-09 -5.07827e+08)
(-425103 13688.9 1.14396e-10 -62301.3 2.90742e-09 -5.07805e+08)
(-332321 6620.51 1.65622e-09 -82578.9 -3.50848e-09 -5.07788e+08)
(-266637 2171.71 -1.50524e-10 -87497.2 -3.82795e-09 -5.07774e+08)
(-217954 -562.135 7.23836e-12 -84373.3 1.84108e-10 -5.07762e+08)
(-180457 -2203.44 3.05114e-09 -77368.2 3.96943e-09 -5.07752e+08)
(-150240 -3134.42 -1.83076e-10 -68575.3 -4.6574e-09 -5.07743e+08)
(-125051 -3625.71 2.56394e-09 -59404.6 -1.71344e-11 -5.07735e+08)
(-103087 -3825.88 1.97565e-10 -50362.9 5.02628e-09 -5.07728e+08)
(-83575.1 -3987.88 4.97118e-11 -41757.4 2.76548e-09 -5.07721e+08)
(29879.4 -29734 1.35679e-09 637523 4.36667e-09 -5.07538e+08)
(98688.6 -14974.1 2.99895e-09 453724 1.17582e-10 -5.07565e+08)
(126948 -4769.57 -1.82456e-09 338462 1.72428e-09 -5.07585e+08)
(131306 1209.05 0 262727 0 -5.07601e+08)
(123828 4418.79 -4.1049e-09 210472 -1.6116e-10 -5.07615e+08)
(111245 6065.15 -4.29054e-11 172629 2.8947e-09 -5.07627e+08)
(96918.1 6776.49 4.47376e-09 143788 1.75695e-10 -5.07637e+08)
(82482.6 6974.34 2.26609e-09 120563 2.65439e-09 -5.07645e+08)
(68779.4 6894.52 2.60851e-09 100976 -1.11091e-09 -5.07653e+08)
(55985.8 6761.68 2.70795e-10 83783.1 -3.44281e-09 -5.0766e+08)
(40271.5 -86117.4 8.12619e-11 614702 4.31248e-09 -5.07541e+08)
(95253.3 -21373.6 1.84068e-09 440392 -1.74683e-09 -5.07569e+08)
(117849 11241.9 -1.90527e-09 336783 1.58177e-09 -5.07587e+08)
(119087 27490.8 -1.81089e-09 267311 -2.14115e-10 -5.07603e+08)
(110958 35541.8 0 218192 0 -5.07616e+08)
(98645.4 39063.9 -2.2653e-10 181789 2.88754e-09 -5.07628e+08)
(85007.3 39972.1 4.62925e-09 153499 5.4766e-10 -5.07637e+08)
(71447.5 39445.7 1.69402e-11 130431 2.00366e-12 -5.07646e+08)
(58607.4 38165.1 -1.02692e-08 110683 -1.21502e-09 -5.07653e+08)
(46509.6 36797.6 1.60715e-10 93109.2 -1.4953e-09 -5.0766e+08)
(58431.6 -132681 -4.45695e-10 557940 2.08999e-09 -5.0755e+08)
(87464.6 -30571 1.9117e-09 416926 -1.6092e-09 -5.07576e+08)
(97257.6 19710.1 3.27971e-10 329315 -1.76433e-09 -5.07594e+08)
(94066 44819.4 -1.78852e-09 268925 -3.554e-10 -5.07609e+08)
(84505.1 57170.8 0 224838 0 -5.07621e+08)
(72604.5 62628.9 -6.74922e-10 191278 2.81659e-09 -5.07631e+08)
(60214.3 64105.2 -9.51143e-10 164522 3.96883e-09 -5.0764e+08)
(48263.5 63309.6 2.82208e-09 142234 -2.05245e-09 -5.07648e+08)
(37060.1 61277.4 3.01847e-12 122805 5.99954e-13 -5.07655e+08)
(26039.7 58992.2 -2.96209e-09 105169 1.75655e-09 -5.07662e+08)
(78235.1 -163300 7.64423e-10 474077 -4.22311e-09 -5.07565e+08)
(73745.2 -39247.5 -1.4888e-09 381814 -4.19002e-10 -5.07587e+08)
(69415.5 23049 4.18018e-10 317352 -1.74644e-09 -5.07603e+08)
(60034.4 54257.8 0 268816 0 -5.07616e+08)
(49044.7 70054 2.99905e-09 231758 4.05937e-09 -5.07628e+08)
(37698.4 77277.4 6.37187e-09 202319 1.79604e-09 -5.07637e+08)
(26963.6 79537.1 -4.2669e-09 178035 -1.20285e-09 -5.07645e+08)
(17074.9 78853.8 -6.86323e-09 157172 -1.93488e-09 -5.07652e+08)
(7961.23 76485.2 2.8269e-10 138520 -1.17998e-09 -5.07659e+08)
(-1709.98 73626.3 7.10424e-10 121091 -2.18989e-09 -5.07665e+08)
(97772.3 -174588 -1.1315e-09 377090 4.13403e-09 -5.07583e+08)
(57198.1 -45687.8 2.1575e-09 336927 2.87266e-09 -5.07601e+08)
(35809.8 20912.2 -6.85731e-10 298298 1.65955e-09 -5.07615e+08)
(20882.5 55885.6 3.59473e-09 264764 1.32485e-09 -5.07626e+08)
(8331.52 74027.8 5.5164e-11 236387 2.03357e-11 -5.07636e+08)
(-2270.5 82758.4 -3.04792e-09 212287 -4.20829e-09 -5.07644e+08)
(-11164.9 85929.1 2.19113e-10 191353 -1.36801e-09 -5.07651e+08)
(-18764.7 85690.4 0 172652 0 -5.07657e+08)
(-25503.4 83386 -5.35641e-09 155377 -6.83176e-10 -5.07662e+08)
(-33671.9 80251.1 2.8068e-10 138542 -1.02271e-09 -5.07668e+08)
(109809 -165877 -3.45507e-09 271491 5.46657e-09 -5.07604e+08)
(38931.8 -48798.5 -2.67097e-09 282468 -1.22886e-09 -5.07618e+08)
(2400.56 15819.7 -2.29983e-09 272088 9.16419e-10 -5.07629e+08)
(-19308.3 50744.1 -1.65621e-09 254630 -7.62771e-10 -5.07638e+08)
(-33483.8 69761.6 1.18233e-09 236268 -2.8613e-09 -5.07646e+08)
(-43457.6 79449.4 2.66952e-09 218488 4.41634e-09 -5.07652e+08)
(-50450.5 83543.9 2.65955e-11 201772 1.22549e-11 -5.07657e+08)
(-55677.2 84010 -3.23791e-09 186006 1.33026e-09 -5.07662e+08)
(-59968.1 82084.7 2.7951e-12 170785 1.28797e-12 -5.07667e+08)
(-66539.9 78883.9 -1.12009e-09 155072 2.57358e-09 -5.07672e+08)
(113700 -140398 -9.59277e-10 174258 -5.34589e-10 -5.07626e+08)
(19834.6 -44762.1 -5.33735e-11 225284 -2.98324e-11 -5.07636e+08)
(-29402.4 9742.88 -8.03613e-11 239139 -4.49437e-11 -5.07644e+08)
(-56943.4 41147.6 -3.32571e-09 237982 1.94643e-09 -5.07651e+08)
(-72902.2 58969.6 3.58465e-09 229935 2.00604e-09 -5.07656e+08)
(-82272.9 68736 -1.47338e-09 218951 2.49166e-09 -5.07661e+08)
(-87482.9 73473.1 2.81355e-09 206952 -4.65602e-09 -5.07665e+08)
(-90381.6 74743.4 1.48846e-11 194689 8.3324e-12 -5.07668e+08)
(-92157.7 73446.5 -1.56424e-09 182229 -2.26515e-09 -5.07672e+08)
(-97066.9 70251.2 -8.71564e-10 168158 1.70157e-09 -5.07676e+08)
(105644 -103153 2.84975e-09 88804.5 -5.79694e-09 -5.07647e+08)
(-2063.58 -35201.1 -2.44608e-09 168309 -1.63133e-09 -5.07654e+08)
(-59847.6 5194.73 1.4782e-09 203811 9.86395e-10 -5.07659e+08)
(-90974.4 29408.2 -1.45264e-09 216425 -9.69686e-10 -5.07663e+08)
(-107974 43832.5 1.53239e-10 217573 1.02317e-10 -5.07667e+08)
(-116578 52359.3 -2.09949e-09 212781 -4.88177e-09 -5.0767e+08)
(-119866 57176.9 -3.74732e-09 205360 -2.50275e-09 -5.07673e+08)
(-120302 59231.8 3.78553e-09 196743 2.52846e-09 -5.07675e+08)
(-119459 58734.1 2.1682e-09 187193 1.44827e-09 -5.07677e+08)
(-122494 55614.7 2.88243e-09 175031 5.42198e-10 -5.0768e+08)
(80923.4 -55925.6 4.63409e-09 16227.9 -4.50736e-09 -5.0767e+08)
(-31076.6 -20235.4 4.86389e-09 118312 1.34641e-09 -5.07672e+08)
(-91069.9 2353.56 -7.23441e-11 168222 -5.69573e-11 -5.07675e+08)
(-122777 16628.6 5.18907e-10 191113 -3.82005e-09 -5.07677e+08)
(-139019 25841.2 2.00792e-09 199388 -2.35585e-09 -5.07678e+08)
(-145913 31780 1.69997e-09 199793 -2.34455e-09 -5.0768e+08)
(-146878 35867 3.82896e-09 196200 3.01714e-09 -5.07681e+08)
(-144597 38275.7 -2.48287e-09 190512 2.9384e-09 -5.07682e+08)
(-140721 38971.5 -2.37662e-09 183277 -4.96004e-09 -5.07682e+08)
(-140461 36942.8 6.75867e-10 173566 -9.31774e-10 -5.07685e+08)
(41414.2 -5619.7 8.70622e-11 -39091.9 7.98786e-11 -5.07692e+08)
(-66514.5 -3358.14 1.20436e-09 74683 1.11131e-09 -5.0769e+08)
(-122935 -297.658 -1.3355e-09 133516 1.20829e-09 -5.0769e+08)
(-151988 3008.53 5.42469e-10 162754 -8.54272e-09 -5.0769e+08)
(-165664 5917.63 -4.31834e-11 176226 -3.98897e-11 -5.0769e+08)
(-170195 8345.92 -2.18098e-09 180403 1.92454e-09 -5.0769e+08)
(-168768 10451.4 3.19195e-09 179623 6.65029e-09 -5.0769e+08)
(-164125 12136.3 -1.1706e-09 175313 6.63206e-10 -5.0769e+08)
(-156496 14137.1 -5.54621e-09 170706 -5.12519e-09 -5.07689e+08)
(-150497 15524.4 6.47487e-09 162405 4.47781e-09 -5.0769e+08)
(44756.2 6197.28 5.58744e-09 68362.3 -1.14916e-09 -5.07666e+08)
(34885.3 5372.68 1.84764e-10 53696.7 -2.26739e-09 -5.07672e+08)
(26421.1 4788.12 -8.10721e-09 40313.9 -1.10778e-09 -5.07677e+08)
(18976.2 4245.67 -2.71814e-09 27762.8 1.05468e-11 -5.07682e+08)
(12517.2 3713.97 -2.15285e-10 15665.2 3.45427e-09 -5.07686e+08)
(6973.27 3188.69 0 3627.16 0 -5.0769e+08)
(2322.1 2679.5 0 -8572.3 0 -5.07694e+08)
(-1485.44 2183.6 2.65376e-09 -21182 -1.03008e-11 -5.07698e+08)
(-4500.26 1702.84 6.46554e-11 -34314.6 -1.17557e-09 -5.07701e+08)
(-6734.94 1229.95 5.24334e-09 -48152.6 -2.03619e-11 -5.07705e+08)
(-8242.51 758.148 1.678e-10 -62760.6 -3.56335e-09 -5.07709e+08)
(-8972.64 287.083 -6.97996e-11 -78300.8 1.194e-09 -5.07712e+08)
(-8961.67 -201.615 1.40492e-10 -94807.4 -3.60029e-09 -5.07716e+08)
(-8055.63 -719.936 -7.74194e-09 -112473 3.01019e-11 -5.0772e+08)
(-6234.75 -1280.27 2.52964e-09 -131358 1.20252e-09 -5.07724e+08)
(-3383.46 -1862.83 9.14303e-12 -151696 -3.55786e-14 -5.07728e+08)
(450.506 -2491.57 -2.53968e-09 -173540 9.88719e-12 -5.07732e+08)
(4784.45 -2998.81 2.51694e-09 -197195 -9.80172e-12 -5.07737e+08)
(9636.44 -2991.98 -4.97363e-09 -221934 -3.69307e-09 -5.07741e+08)
(13990.9 -1689.85 -2.50799e-09 -246552 2.5295e-09 -5.07746e+08)
(36209 33902.6 8.38324e-09 76547.4 -8.53848e-10 -5.07666e+08)
(27708.8 30156.3 1.75368e-10 60641.5 -2.25735e-09 -5.07672e+08)
(20776.4 27353.5 -2.63474e-09 46467.2 -1.10409e-09 -5.07677e+08)
(14529.5 24803.7 8.37356e-09 33281.1 -2.39586e-09 -5.07681e+08)
(9005.85 22418.8 1.05704e-10 20597.8 1.12359e-09 -5.07685e+08)
(4221.23 20182.7 -8.15005e-09 8096.71 1.25685e-09 -5.07689e+08)
(161.725 18104.6 2.57911e-10 -4530.76 -2.34581e-09 -5.07693e+08)
(-3168.69 16161.3 0 -17442.9 0 -5.07697e+08)
(-5819.08 14337.6 5.523e-11 -30859.1 -1.17302e-09 -5.07701e+08)
(-7766.86 12596.7 2.06813e-10 -44859.1 -2.38616e-09 -5.07704e+08)
(-9066.49 10912.2 2.92087e-09 -59634.1 -5.98682e-09 -5.07708e+08)
(-9639.3 9243.81 5.26306e-11 -75225.7 -1.36977e-11 -5.07712e+08)
(-9512.22 7545.87 -2.53789e-09 -91833.7 -2.3557e-09 -5.07716e+08)
(-8554.77 5812.06 2.55186e-09 -109496 -2.89722e-11 -5.0772e+08)
(-6711.15 3960.47 2.57648e-09 -128440 -4.16451e-11 -5.07723e+08)
(-3864.16 2017.82 -2.52551e-09 -148735 2.86972e-11 -5.07728e+08)
(-144.922 2.72132 -2.52138e-09 -170641 2.86631e-11 -5.07732e+08)
(4018.37 -1891.36 -4.99916e-09 -194384 5.68538e-11 -5.07736e+08)
(8723.85 -3583.79 -4.1646e-11 -220107 2.90075e-11 -5.07741e+08)
(13360.7 -5225.64 1.65585e-09 -248980 3.65337e-09 -5.07747e+08)
(17224.3 54471.9 2.69705e-09 87500.2 -4.82457e-11 -5.07668e+08)
(11320.5 48963.3 2.67093e-10 70225.3 -1.14398e-09 -5.07673e+08)
(7521.3 44868.9 -8.01049e-09 55235.5 1.43197e-10 -5.07678e+08)
(3827.11 41051.7 2.23255e-09 41247.4 1.15125e-09 -5.07682e+08)
(387.027 37400.2 8.23077e-09 27805 -2.4441e-09 -5.07686e+08)
(-2707.78 33930.4 -8.00124e-09 14617.1 1.29925e-09 -5.0769e+08)
(-5407.01 30663.8 -2.7775e-09 1401.62 8.94378e-11 -5.07693e+08)
(-7654.8 27589.8 5.20764e-09 -11999.3 -9.30901e-11 -5.07697e+08)
(-9449.3 24680.3 -4.81595e-09 -25799.5 -2.31497e-09 -5.077e+08)
(-10736 21892.4 -5.26165e-09 -40090.9 1.37295e-10 -5.07704e+08)
(-11524.7 19174.2 5.00396e-09 -55067.1 -4.58843e-11 -5.07708e+08)
(-11727.6 16477.6 7.59121e-09 -70793.8 -1.13999e-10 -5.07711e+08)
(-11323.6 13735.2 4.96901e-11 -87476.1 -2.25442e-11 -5.07715e+08)
(-10153.3 10882 -2.52269e-09 -105179 4.51722e-11 -5.07719e+08)
(-8163.25 7870.95 2.47125e-09 -124146 -2.36215e-11 -5.07723e+08)
(-5246.78 4709.77 8.65165e-12 -144485 -1.55067e-13 -5.07727e+08)
(-1419.7 1384.84 -2.48562e-09 -166494 4.457e-11 -5.07731e+08)
(2930.19 -1900.98 2.4254e-09 -190486 1.21924e-09 -5.07736e+08)
(7930.87 -5171.68 2.36576e-09 -216691 6.25044e-09 -5.0774e+08)
(13080.1 -9063.5 9.18526e-13 -246025 -1.40254e-11 -5.07746e+08)
(-8777.26 68164.5 0 102163 0 -5.07671e+08)
(-11355.7 62053.2 2.51567e-10 83395.1 -1.12837e-09 -5.07676e+08)
(-11070.9 57670.1 2.61237e-09 67522.2 -6.00119e-11 -5.07679e+08)
(-11333 53414.1 2.87096e-09 52575.3 -1.35069e-10 -5.07683e+08)
(-11907.1 49184.8 0 38160.5 0 -5.07686e+08)
(-12636.5 45046.7 -2.27929e-09 24051.7 -1.13697e-09 -5.0769e+08)
(-13405.7 41057.8 -2.95257e-09 10025.2 2.41343e-09 -5.07693e+08)
(-14100.5 37234.8 -5.07061e-09 -4066.11 1.16448e-10 -5.07696e+08)
(-14655.3 33559.9 -3.85358e-10 -18414.3 1.28943e-09 -5.077e+08)
(-14970.4 29992.7 4.72339e-09 -33130.5 2.29381e-09 -5.07703e+08)
(-15006.6 26476.7 2.20724e-09 -48402.8 2.36973e-09 -5.07707e+08)
(-14632.4 22941.2 4.14946e-10 -64329 -2.53944e-09 -5.07711e+08)
(-13782.9 19305.8 -2.04632e-09 -81122.5 -3.69666e-09 -5.07714e+08)
(-12300.6 15504.6 2.31952e-09 -98900.2 1.21247e-09 -5.07718e+08)
(-10043.9 11442.4 2.36909e-09 -117913 1.18956e-09 -5.07722e+08)
(-6856.3 7097.4 -2.43644e-09 -138329 5.61064e-11 -5.07726e+08)
(-2777.2 2495.17 -7.6345e-12 -160480 1.75912e-13 -5.0773e+08)
(1904.98 -2174.24 7.21723e-09 -184685 1.10013e-09 -5.07734e+08)
(7299.56 -7042.39 -2.34466e-09 -211117 -1.28528e-09 -5.07739e+08)
(12810.3 -12996.9 -2.41637e-09 -240569 2.89609e-09 -5.07745e+08)
(-39048.8 74491.7 4.95021e-09 118481 2.01199e-09 -5.07674e+08)
(-38007.9 68972.6 -4.42872e-10 98603.9 1.15515e-09 -5.07678e+08)
(-33225.2 65349.8 -5.51366e-09 82103.7 1.3042e-09 -5.07681e+08)
(-29582.3 61554.6 2.61601e-09 66293.8 -1.15779e-09 -5.07684e+08)
(-26819.8 57520.9 6.22831e-09 50889.7 -3.73708e-09 -5.07687e+08)
(-24744.2 53367.4 -2.59341e-09 35772.6 1.01052e-10 -5.0769e+08)
(-23188.1 49203.1 0 20820.3 0 -5.07693e+08)
(-21985.2 45085.1 2.46201e-09 5912.36 -6.43864e-11 -5.07696e+08)
(-21003.3 41026 -6.83093e-10 -9100.26 3.64816e-09 -5.07699e+08)
(-20095.2 37001.3 -2.72503e-09 -24348.1 1.33166e-09 -5.07703e+08)
(-19159 32959.8 -4.33402e-09 -39998.3 -2.43063e-09 -5.07706e+08)
(-18042.5 28832.1 -4.76799e-09 -56190.5 -1.03983e-09 -5.07709e+08)
(-16626.2 24519.2 6.48941e-09 -73128.7 3.78652e-09 -5.07713e+08)
(-14688.1 19910 7.0532e-09 -90987.3 1.07844e-09 -5.07717e+08)
(-12077 14909.4 1.51957e-10 -110042 -1.31361e-09 -5.0772e+08)
(-8608.16 9478.74 -2.24486e-09 -130532 -1.25764e-09 -5.07724e+08)
(-4157.3 3592.32 1.88602e-10 -152775 -2.6496e-09 -5.07729e+08)
(955.497 -2498.61 7.56958e-11 -177116 -1.32899e-09 -5.07733e+08)
(6745.4 -8937.47 4.74985e-09 -203619 -2.70148e-09 -5.07738e+08)
(12531.7 -16918.9 2.34641e-09 -232969 9.47842e-10 -5.07743e+08)
(-70563.6 73355.4 2.77853e-09 134347 4.97896e-10 -5.07678e+08)
(-66112.4 69511.8 1.1257e-10 114266 -3.05215e-11 -5.07681e+08)
(-56994.8 67608.7 -2.88043e-09 97692.4 1.21296e-09 -5.07683e+08)
(-49411.5 65147.6 -8.15122e-09 81360.4 2.52592e-09 -5.07685e+08)
(-43192.7 62084.7 2.56949e-09 65127.3 -1.16513e-09 -5.07687e+08)
(-38140.4 58593 4.96461e-09 49077.9 -1.74374e-10 -5.0769e+08)
(-34074.9 54823.8 -2.40845e-09 33188.8 6.52516e-11 -5.07693e+08)
(-30778.1 50892.7 1.97251e-09 17432.9 1.20966e-09 -5.07695e+08)
(-28070.9 46851.9 3.50319e-09 1680.7 -3.93486e-09 -5.07698e+08)
(-25752.3 42715.9 -6.97337e-09 -14159.9 1.41718e-10 -5.07702e+08)
(-23682.3 38452 -2.50182e-09 -30270.2 1.63937e-10 -5.07705e+08)
(-21659.6 33991.6 1.11892e-08 -46770.8 2.24701e-09 -5.07708e+08)
(-19541.7 29227.3 1.32764e-09 -63902.9 6.40082e-09 -5.07712e+08)
(-17101 24035.4 -6.93554e-09 -81834.9 1.88272e-10 -5.07715e+08)
(-14113.2 18255.4 -2.15422e-09 -100896 -1.25034e-09 -5.07719e+08)
(-10299.2 11801.3 -4.92273e-09 -121328 2.90142e-09 -5.07723e+08)
(-5601.62 4657.35 -5.62431e-11 -143580 8.39159e-11 -5.07727e+08)
(-148.951 -2889.81 6.92639e-09 -167908 -1.52196e-09 -5.07731e+08)
(6048.38 -10911.3 2.24071e-09 -194470 1.27826e-09 -5.07736e+08)
(12183.3 -20744.3 9.32236e-12 -223367 -2.68947e-09 -5.07741e+08)
(-100323 65238.7 -2.73956e-09 147546 -5.78747e-10 -5.07681e+08)
(-93147.2 63873.6 2.27413e-09 128644 -2.76966e-11 -5.07684e+08)
(-80428.7 64420.9 6.56324e-10 112779 -1.18785e-09 -5.07685e+08)
(-69336.1 64026.8 -2.37731e-09 96478 6.08418e-11 -5.07686e+08)
(-59925.6 62625.8 -9.38775e-10 79753.8 2.38669e-09 -5.07688e+08)
(-52024.3 60414.1 4.46614e-10 63027.8 -1.21446e-09 -5.0769e+08)
(-45498.3 57569.3 3.34013e-09 46317.2 -2.632e-09 -5.07692e+08)
(-40069.2 54277.9 -5.91954e-09 29802.9 3.98794e-09 -5.07695e+08)
(-35565.1 50636.7 -3.48697e-09 13307.5 2.88723e-09 -5.07697e+08)
(-31714.9 46720.6 5.72042e-09 -3119.71 -4.10321e-09 -5.077e+08)
(-28380.3 42521.6 -6.27687e-10 -19741 2.61364e-09 -5.07703e+08)
(-25312.3 38001.8 6.68984e-09 -36567.3 -1.71187e-10 -5.07707e+08)
(-22380.7 33044.5 2.87005e-09 -53930.2 -2.84628e-09 -5.0771e+08)
(-19285.8 27492.1 -6.39126e-09 -71894.7 -1.23481e-09 -5.07713e+08)
(-15898.1 21149.3 3.72547e-09 -90909.2 4.12979e-09 -5.07717e+08)
(-11914.2 13858 1.13038e-10 -111108 -1.59e-10 -5.07721e+08)
(-7194.28 5505.32 -6.86155e-09 -133071 2.92098e-09 -5.07725e+08)
(-1652.41 -3553.35 2.20205e-09 -157033 -5.66277e-11 -5.07729e+08)
(4570.93 -13199.9 2.26535e-09 -183572 -1.48252e-09 -5.07734e+08)
(11440.1 -24426 6.74765e-12 -212008 -1.42296e-09 -5.07739e+08)
(-125472 51286 1.4164e-10 156059 -3.09924e-11 -5.07685e+08)
(-116674 52846.5 -2.16746e-09 139858 1.36571e-11 -5.07687e+08)
(-101484 56386.2 -1.69774e-09 126039 -1.1009e-09 -5.07687e+08)
(-87879.8 58555 0 110257 0 -5.07687e+08)
(-75869.5 59427.9 0 93919.1 0 -5.07688e+08)
(-65664.5 58960.5 -5.0829e-09 76685.5 1.38343e-09 -5.0769e+08)
(-56881.6 57546.9 6.31366e-09 59703.5 -2.33249e-11 -5.07692e+08)
(-49536.8 55260.1 1.17822e-08 42356.7 -1.70584e-09 -5.07694e+08)
(-43198 52404.3 -1.03248e-08 25460.3 -9.09754e-11 -5.07696e+08)
(-37854.9 48990 -7.21124e-09 8229.06 1.6704e-09 -5.07699e+08)
(-33096 45157.6 4.30403e-09 -8653.25 -9.23539e-11 -5.07702e+08)
(-28928.6 40815.3 1.7122e-09 -26100.6 1.39215e-09 -5.07705e+08)
(-24944.5 35925.2 9.93383e-10 -43457.6 -4.22619e-09 -5.07708e+08)
(-21200.7 30277.5 5.13272e-09 -61792.6 -4.42557e-09 -5.07711e+08)
(-17241.1 23652 1.5098e-10 -80388.5 -1.93807e-10 -5.07715e+08)
(-13198.4 15805.2 -5.34182e-09 -100528 -7.09878e-09 -5.07719e+08)
(-8555.44 6539.21 0 -121387 0 -5.07722e+08)
(-3656.86 -3946.52 -2.44095e-10 -144880 2.97464e-09 -5.07727e+08)
(2448.66 -15275.7 6.20459e-11 -169880 -1.43781e-09 -5.07731e+08)
(10169.9 -28047.4 2.25785e-11 -200341 -4.39446e-09 -5.07736e+08)
(-143002 33510.6 -1.57508e-10 158308 3.11801e-11 -5.07689e+08)
(-133335 38605.4 7.40219e-10 147832 -1.11235e-09 -5.07689e+08)
(-117600 45144.3 -8.69108e-10 136531 1.19141e-09 -5.07688e+08)
(-102874 50240.8 -8.40432e-10 122850 1.23298e-09 -5.07688e+08)
(-89612.3 53577.8 3.74592e-09 107051 -2.57881e-09 -5.07688e+08)
(-77841.4 55319.7 1.70664e-09 90406.3 -2.6864e-09 -5.07689e+08)
(-67498.8 55635.6 -3.32749e-09 72944.6 2.60417e-09 -5.07691e+08)
(-58471.7 54812.8 -3.10999e-09 55486.9 -2.50626e-09 -5.07693e+08)
(-50618.9 53040.2 1.46488e-09 37722.5 3.32866e-10 -5.07695e+08)
(-43738.6 50514.3 3.242e-09 20229.6 2.61466e-09 -5.07698e+08)
(-37697.9 47303.8 -1.65245e-09 2443.95 4.43424e-09 -5.077e+08)
(-32238.8 43456.5 9.31741e-11 -15129 -7.82216e-11 -5.07703e+08)
(-27289.4 38868.6 -5.69191e-09 -33262.1 -1.35436e-09 -5.07706e+08)
(-22546.7 33421.8 -1.33868e-10 -51374 1.52841e-10 -5.07709e+08)
(-18087.8 26836.6 5.05294e-10 -70459.5 -2.87607e-09 -5.07713e+08)
(-13607.1 18907.1 -8.21385e-11 -89672 1.39842e-10 -5.07716e+08)
(-9342.91 9177.55 7.87348e-09 -110246 1.43791e-09 -5.0772e+08)
(-4804.3 -2126.96 -1.07916e-10 -131116 1.43798e-09 -5.07724e+08)
(1515.64 -15457.5 -8.21406e-09 -155650 1.67118e-09 -5.07728e+08)
(9626.4 -32171.3 -1.36607e-09 -187807 1.75915e-09 -5.07733e+08)
(-153006 13874.1 2.64052e-11 149575 3.94923e-10 -5.07693e+08)
(-142912 22976 -6.45678e-10 145194 1.51604e-09 -5.07692e+08)
(-128428 32068.9 1.86241e-09 138021 -4.10703e-10 -5.0769e+08)
(-114071 39764 -6.40584e-09 127684 -3.44864e-10 -5.07689e+08)
(-100494 45700.6 -5.65348e-09 114388 7.49366e-10 -5.07689e+08)
(-87805.2 49895.3 4.76636e-09 99295.5 9.88109e-10 -5.0769e+08)
(-76300.4 52397.7 5.52718e-09 82701.7 1.59661e-09 -5.07691e+08)
(-65886.2 53447 5.65728e-09 65511.1 -3.2714e-10 -5.07692e+08)
(-56681 53232.8 -3.86223e-09 47711.8 1.96519e-09 -5.07694e+08)
(-48429.9 51952.8 1.61385e-10 29887.9 2.57081e-10 -5.07697e+08)
(-41154.9 49754 -5.6685e-10 11754.1 -7.19696e-10 -5.07699e+08)
(-34523.7 46656.9 -5.59007e-09 -6291.95 2.56303e-10 -5.07702e+08)
(-28555.3 42691.3 0 -24716.2 0 -5.07705e+08)
(-22908.2 37646.5 9.26236e-10 -43147.4 4.77867e-09 -5.07708e+08)
(-17711.5 31433.8 -1.21231e-10 -62147.5 -1.94158e-10 -5.07711e+08)
(-12772.6 23711 -6.80623e-10 -81119.7 4.85947e-09 -5.07714e+08)
(-8421.42 14330.9 1.84166e-09 -100564 -1.98345e-10 -5.07717e+08)
(-3472.68 2410.47 2.3053e-10 -119687 -3.32148e-09 -5.07721e+08)
(2518.04 -13658.4 -3.19257e-11 -142229 -1.92844e-10 -5.07725e+08)
(9390.07 -35768 -2.1431e-11 -172184 2.9179e-09 -5.0773e+08)
(-143389 4467.12 2.4688e-09 142125 8.5866e-11 -5.07693e+08)
(-136311 13804.3 -6.71382e-10 136122 1.68537e-09 -5.07692e+08)
(-127510 22323.4 -1.12502e-09 130185 6.84072e-11 -5.07692e+08)
(-116577 30208.9 5.98359e-10 121396 -1.70155e-09 -5.07691e+08)
(-104741 37100.7 6.39485e-10 110329 5.17627e-09 -5.07691e+08)
(-92934.2 42543.7 1.88864e-10 96701.2 3.37404e-09 -5.07691e+08)
(-81502.5 46533.7 -2.24724e-09 81796.5 1.71583e-09 -5.07692e+08)
(-70868.4 49034.4 -1.31286e-09 65463.6 -1.71634e-09 -5.07694e+08)
(-60995.1 50228.6 2.99259e-09 48771.4 -5.15181e-09 -5.07695e+08)
(-52075 50203.4 -3.73564e-10 31309.6 -4.57527e-11 -5.07697e+08)
(-43856.6 49095.1 1.0059e-09 13941.9 -3.37755e-09 -5.07699e+08)
(-36449.4 46935.8 -2.98472e-10 -4006.74 -5.26501e-11 -5.07702e+08)
(-29488.9 43702.6 0 -21705.2 0 -5.07704e+08)
(-23123.2 39301.3 -2.23737e-10 -40039.7 1.69603e-09 -5.07707e+08)
(-17009.5 33571 1.87514e-10 -58017.2 -1.68757e-09 -5.0771e+08)
(-11543.1 26430.6 -1.52777e-10 -76624.3 -8.34483e-11 -5.07713e+08)
(-6342.24 17472.1 -1.64462e-09 -94203.4 -1.66588e-09 -5.07716e+08)
(-1755.48 5639.57 8.34726e-11 -112181 1.06755e-10 -5.07719e+08)
(4563.88 -11786.9 4.99561e-11 -130487 1.20208e-10 -5.07721e+08)
(10233.1 -38343.9 5.74269e-12 -153954 1.34723e-10 -5.07725e+08)
(-134146 -1552.05 1.68391e-09 134025 -6.73257e-10 -5.07692e+08)
(-125513 7347.43 0 127123 0 -5.07692e+08)
(-117860 15476.4 -1.761e-09 121420 7.12321e-13 -5.07691e+08)
(-109124 23038.2 2.97151e-23 113955 -6.06314e-24 -5.07691e+08)
(-99486.5 29891.5 -3.12222e-24 104122 -1.21258e-23 -5.07691e+08)
(-89403.7 35712.6 1.25136e-23 92105.4 -2.34755e-23 -5.07692e+08)
(-79302.9 40296.3 2.44345e-23 78341.4 -1.21109e-23 -5.07693e+08)
(-69481.4 43579.1 -1.76118e-09 63320.6 6.13265e-13 -5.07694e+08)
(-60137.2 45585.6 0 47421.6 0 -5.07695e+08)
(-51349.9 46377.9 1.76125e-09 30966.1 -6.09812e-13 -5.07697e+08)
(-43139.1 46009.2 -1.8189e-23 14133 -6.83835e-24 -5.07699e+08)
(-35451.9 44497.1 -1.76132e-09 -2924.79 6.34818e-13 -5.07701e+08)
(-28228 41806.9 1.76135e-09 -20155.5 -6.58999e-13 -5.07703e+08)
(-21379.3 37834.2 1.21177e-23 -37461.6 -1.21046e-23 -5.07706e+08)
(-14892 32477.2 -1.76142e-09 -54820.3 7.34566e-13 -5.07708e+08)
(-8902.86 25741.1 -1.21005e-23 -72067.1 2.00939e-25 -5.07711e+08)
(-3586.38 17366.8 1.76147e-09 -88801.4 -8.4976e-13 -5.07714e+08)
(1925.69 5719.03 1.7615e-09 -104261 -9.35008e-13 -5.07716e+08)
(7013.74 -12168.1 -1.21047e-23 -119612 -6.44487e-24 -5.07718e+08)
(10574.4 -39401.4 -4.03406e-24 -134967 -6.44345e-24 -5.07721e+08)
(-124814 -7449.36 1.76172e-09 124458 1.76106e-09 -5.07692e+08)
(-116407 1180.81 7.66136e-13 118766 1.76182e-09 -5.07692e+08)
(-108930 8958.03 -1.76023e-09 113101 1.76254e-09 -5.07691e+08)
(-101080 16094 0 106017 0 -5.07691e+08)
(-92624.8 22684 1.76194e-09 97090.5 1.76105e-09 -5.07691e+08)
(-83717.8 28517 1.76288e-09 86239.2 3.52273e-09 -5.07692e+08)
(-74591.2 33377 -1.76025e-09 73761 1.76234e-09 -5.07692e+08)
(-65511.4 37121.3 -1.75935e-09 59971.7 3.52391e-09 -5.07694e+08)
(-56657.4 39696.2 1.76122e-09 45251.5 -6.56963e-13 -5.07695e+08)
(-48162.9 41089 1.88959e-12 29852.8 3.52306e-09 -5.07697e+08)
(-40066.4 41298.9 9.5557e-13 14032.5 1.76148e-09 -5.07698e+08)
(-32382.9 40305.2 1.93021e-12 -2084.2 3.52286e-09 -5.077e+08)
(-25067.2 38051.2 1.94731e-12 -18335.8 3.52277e-09 -5.07702e+08)
(-18089 34432.7 9.81337e-13 -34652.1 1.76133e-09 -5.07704e+08)
(-11438.4 29370 1.97634e-12 -50880.6 3.52257e-09 -5.07707e+08)
(-5226.62 22939.7 1.98817e-12 -66876.3 3.52247e-09 -5.07709e+08)
(441.344 14938.1 -1.76148e-09 -82146.4 8.95381e-13 -5.07711e+08)
(5144.61 3751.71 1.00267e-12 -96178.9 1.76115e-09 -5.07713e+08)
(9583.4 -13541.9 1.00313e-12 -107960 1.76112e-09 -5.07715e+08)
(11530.2 -39122.7 1.18384e-13 -116492 1.76109e-09 -5.07717e+08)
(-113777 -13593.6 6.80121e-09 113183 -2.40097e-09 -5.07692e+08)
(-106575 -5141.08 -7.40718e-13 109385 -1.76179e-09 -5.07692e+08)
(-99475.9 2461.91 -3.52135e-09 104398 1.76329e-09 -5.07691e+08)
(-92171.3 9325.88 5.94297e-23 97845.6 -1.81791e-23 -5.07691e+08)
(-84511.5 15641.1 3.52307e-09 89630.9 1.76026e-09 -5.07691e+08)
(-76492.1 21345.4 0 79761.2 0 -5.07692e+08)
(-68231.2 26261.4 -8.91803e-13 68381.6 -1.76165e-09 -5.07692e+08)
(-59892 30234.4 -3.52241e-09 55765.4 1.40742e-12 -5.07693e+08)
(-51638.9 33155 7.27269e-23 42182.2 -2.42319e-23 -5.07694e+08)
(-43588.6 34959.4 3.52255e-09 27911.9 -1.41283e-12 -5.07696e+08)
(-35818.9 35592.5 9.63442e-13 13163.5 1.76148e-09 -5.07698e+08)
(-28356.9 34997.2 -1.21002e-23 -1863.33 -5.81637e-25 -5.07699e+08)
(-21208.8 33091.1 -7.26004e-23 -17031.5 3.1217e-26 -5.07701e+08)
(-14355 29758.8 -9.96262e-13 -32173.9 -1.76134e-09 -5.07703e+08)
(-7817.31 24929.6 -3.63014e-23 -47162.6 1.71234e-26 -5.07705e+08)
(-1739.53 18745 -3.52291e-09 -61762.2 1.75908e-12 -5.07707e+08)
(3605.1 11117.1 2.34607e-23 -75549.7 -1.21114e-23 -5.07709e+08)
(8484.73 533.541 3.52402e-09 -87512.6 1.75915e-09 -5.07711e+08)
(11411.4 -15486.2 1.01293e-12 -96846 1.76114e-09 -5.07712e+08)
(11445.2 -37962.7 1.31702e-13 -100915 1.76113e-09 -5.07713e+08)
(-100954 -19298 -1.34289e-12 101556 -3.52353e-09 -5.07692e+08)
(-94921.5 -11191.3 1.76037e-09 99486.8 -1.76254e-09 -5.07691e+08)
(-88753.2 -3813.65 -1.50399e-12 95429.4 -3.52347e-09 -5.07691e+08)
(-82171.6 2835.28 1.17341e-23 89568.3 6.04611e-24 -5.07691e+08)
(-75246.5 8934.51 1.7595e-09 82079 -3.52414e-09 -5.07691e+08)
(-68009 14482.4 -1.76202e-09 73064 -1.76091e-09 -5.07691e+08)
(-60535.3 19358.4 -1.76208e-09 62672.4 -1.76088e-09 -5.07692e+08)
(-52938.6 23416.9 -1.81206e-12 51114.8 -3.52318e-09 -5.07693e+08)
(-45345.3 26532.9 1.76126e-09 38631.3 -7.44352e-13 -5.07694e+08)
(-37866.4 28606.4 1.76034e-09 25464.4 -1.76226e-09 -5.07695e+08)
(-30585.8 29546.5 -1.93136e-12 11835.5 -3.52294e-09 -5.07697e+08)
(-23556.3 29261.6 -1.76233e-09 -2057.21 -1.76065e-09 -5.07698e+08)
(-16806.1 27645.6 -1.76337e-09 -16038.8 -3.52196e-09 -5.077e+08)
(-10352.6 24567.6 -1.00402e-12 -29936.2 -1.76134e-09 -5.07702e+08)
(-4244.25 19967.8 1.75941e-09 -43568.7 -3.52347e-09 -5.07703e+08)
(1415.91 14042.1 -1.01725e-12 -56672.9 -1.76126e-09 -5.07705e+08)
(6434.47 6819.42 3.91128e-25 -68807.8 -2.15892e-28 -5.07707e+08)
(10029 -3001.02 1.75946e-09 -79298.6 -3.52342e-09 -5.07708e+08)
(12341.7 -17383.8 -2.02922e-12 -86532.9 -3.52234e-09 -5.07709e+08)
(11742 -36434.8 -2.88585e-13 -88375.4 -3.52233e-09 -5.0771e+08)
(-86372.8 -24059.4 5.06081e-11 90311.7 2.28653e-09 -5.07691e+08)
(-81831.2 -16531.7 6.86485e-13 89488.8 1.76172e-09 -5.07691e+08)
(-76674.5 -9499.37 -1.76114e-09 86362.2 7.95295e-13 -5.0769e+08)
(-70968 -3102.51 0 81288.3 0 -5.0769e+08)
(-64853.7 2780.99 1.76118e-09 74551.9 -7.86185e-13 -5.0769e+08)
(-58413.6 8158.7 1.76036e-09 66347.4 -1.76242e-09 -5.0769e+08)
(-51728.2 12941.4 -1.76036e-09 56852.2 1.76238e-09 -5.07691e+08)
(-44892.8 17001.6 -1.76125e-09 46267.6 7.80032e-13 -5.07692e+08)
(-38015.8 20213.8 1.76128e-09 34811.1 -7.82913e-13 -5.07693e+08)
(-31202.3 22462.4 -9.45607e-13 22712.7 -1.7615e-09 -5.07694e+08)
(-24544.9 23633.7 6.06096e-24 10191.4 -2.38612e-23 -5.07696e+08)
(-18115.7 23611.6 -9.82474e-13 -2542.28 -1.76142e-09 -5.07697e+08)
(-11972.2 22268.3 0 -15298.6 0 -5.07699e+08)
(-6160.25 19461.4 1.00834e-12 -27885.6 1.76134e-09 -5.077e+08)
(-741.98 15136.6 0 -40105.2 0 -5.07702e+08)
(4128.98 9529.02 -1.02157e-12 -51713.3 -1.76127e-09 -5.07703e+08)
(8181.96 2781.36 -1.76148e-09 -62350.1 1.00355e-12 -5.07705e+08)
(11501.4 -6154.77 6.04346e-24 -71212.3 -1.21268e-23 -5.07706e+08)
(12619.7 -18876.9 -6.9866e-27 -77410.1 -1.2123e-23 -5.07707e+08)
(11127.7 -34908.6 -2.01791e-24 -78969.9 -1.21187e-23 -5.07708e+08)
(-70621.7 -27672.6 1.7144e-09 79683.5 -4.87922e-10 -5.0769e+08)
(-67229.8 -20795.7 -6.64125e-13 79810.3 -1.76168e-09 -5.07689e+08)
(-63261.9 -14270.4 -1.76118e-09 77441.3 8.0904e-13 -5.07689e+08)
(-58591.3 -8231.35 3.04953e-23 73116.8 -1.81671e-23 -5.07689e+08)
(-53404.7 -2622.57 -1.79851e-23 67126.1 -1.77896e-23 -5.07689e+08)
(-47835.6 2544.33 -8.27664e-13 59698.9 -1.76161e-09 -5.0769e+08)
(-41984 7186.37 -8.60781e-13 51040 -1.76158e-09 -5.0769e+08)
(-35950.8 11187.9 -1.76128e-09 41353.7 8.13344e-13 -5.07691e+08)
(-29841.6 14429.6 0 30854.9 0 -5.07692e+08)
(-23765.2 16792.9 1.76039e-09 19767.8 -1.76231e-09 -5.07693e+08)
(-17826.7 18154.5 -4.24036e-23 8318.79 1.21449e-23 -5.07695e+08)
(-12123.4 18383 -1.76237e-09 -3271.72 -1.76056e-09 -5.07696e+08)
(-6741.77 17334.8 1.76141e-09 -14795.2 -8.78934e-13 -5.07697e+08)
(-1760.78 14853.5 -1.01181e-12 -26051.5 -1.76134e-09 -5.07699e+08)
(2729.44 10883.6 -1.76145e-09 -36845.1 9.45267e-13 -5.077e+08)
(6644.2 5690.17 -1.02581e-12 -46954.9 -1.76128e-09 -5.07702e+08)
(9862.46 -503.028 1.76148e-09 -56108 -1.03023e-12 -5.07703e+08)
(11682 -8592.54 1.76149e-09 -63983.1 -1.08347e-12 -5.07704e+08)
(12464.4 -19846 7.00679e-27 -69497.9 1.21231e-23 -5.07705e+08)
(11103.5 -33514.8 -4.03253e-24 -71598.6 1.21316e-23 -5.07706e+08)
(-53879.7 -29985.6 -5.96583e-13 69947.9 -1.76164e-09 -5.07689e+08)
(-51689.7 -23855.1 -6.47702e-13 70627.6 -1.76164e-09 -5.07688e+08)
(-48849.9 -17945 -6.95557e-13 68839.8 -1.76163e-09 -5.07688e+08)
(-45244.3 -12369.1 0 65175.9 0 -5.07688e+08)
(-41058.1 -7118.74 -7.8121e-13 59882.1 -1.7616e-09 -5.07688e+08)
(-36428 -2225.93 0 53190.2 0 -5.07688e+08)
(-31467 2219.01 -8.54095e-13 45312.6 -1.76156e-09 -5.07689e+08)
(-26282.3 6105.99 0 36459.2 0 -5.0769e+08)
(-20984.6 9323.15 0 26845.1 0 -5.07691e+08)
(-15691.7 11758.4 0 16699 0 -5.07692e+08)
(-10527.9 13289.7 -9.64401e-13 6256.82 -1.76144e-09 -5.07693e+08)
(-5621.01 13780.8 0 -4242.88 0 -5.07695e+08)
(-1095.58 13077.8 0 -14570.2 0 -5.07696e+08)
(2933.35 11010.3 -1.01613e-12 -24513.5 -1.76134e-09 -5.07697e+08)
(6369.47 7506.35 0 -33887.7 0 -5.07699e+08)
(9107.23 2815.62 0 -42554.7 0 -5.077e+08)
(11023.3 -2808.55 0 -50422.8 0 -5.07701e+08)
(12407.9 -10113 -1.0309e-12 -57184.1 -1.76125e-09 -5.07703e+08)
(12223.1 -20244.3 -1.02537e-12 -62607.5 -1.76123e-09 -5.07704e+08)
(10400.1 -32315.9 -1.76854e-13 -65918.4 -1.76123e-09 -5.07705e+08)
(-36630.3 -31011.4 -1.71591e-09 61115.3 2.17382e-09 -5.07687e+08)
(-35362 -25659.8 0 62127.8 0 -5.07686e+08)
(-33678.6 -20435.3 6.86952e-13 60722.7 1.7616e-09 -5.07686e+08)
(-31154.6 -15411.2 0 57591.1 0 -5.07686e+08)
(-28007.3 -10597.6 7.7528e-13 52914.5 1.76158e-09 -5.07687e+08)
(-24365.8 -6049.17 8.14596e-13 46898.2 1.76156e-09 -5.07687e+08)
(-20344.7 -1864.85 0 39744.4 0 -5.07688e+08)
(-16049.8 1846.68 0 31657.4 0 -5.07689e+08)
(-11594.8 4983.8 0 22851.7 0 -5.0769e+08)
(-7106.36 7447.54 9.41278e-13 13558.2 1.76145e-09 -5.07691e+08)
(-2731.49 9128.66 9.65834e-13 4026.36 1.76142e-09 -5.07692e+08)
(1367.03 9900.37 9.8764e-13 -5480.55 1.7614e-09 -5.07693e+08)
(5017.28 9606.88 0 -14700.1 0 -5.07695e+08)
(8054.8 8059.32 0 -23396.9 0 -5.07696e+08)
(10350.4 5148.21 0 -31395.7 0 -5.07697e+08)
(11877.7 1072.41 1.04162e-12 -38618 1.7613e-09 -5.07698e+08)
(12707.2 -3955.55 0 -45122.8 0 -5.077e+08)
(12470.8 -10676.7 1.04286e-12 -51151.6 1.76127e-09 -5.07701e+08)
(11989.1 -20080.1 1.03801e-12 -56407 1.76125e-09 -5.07703e+08)
(10396.2 -31240.3 1.87233e-13 -60888.4 1.76124e-09 -5.07704e+08)
(-18988.9 -30877.6 -5.19198e-09 53220.7 7.49568e-10 -5.07684e+08)
(-18752.8 -26291.8 6.35165e-13 54308 1.76157e-09 -5.07684e+08)
(-18055 -21750.5 5.67304e-24 53163 5.66894e-24 -5.07684e+08)
(-16565 -17315.1 1.17378e-23 50452.6 1.20957e-23 -5.07684e+08)
(-14457 -12992.5 1.76134e-09 46309.8 -8.64579e-13 -5.07685e+08)
(-11835.1 -8850.13 -1.76053e-09 40903.9 1.76241e-09 -5.07686e+08)
(-8792.1 -4991.7 -1.76051e-09 34414.3 1.7624e-09 -5.07686e+08)
(-5421.7 -1523.15 0 27028.4 0 -5.07687e+08)
(-1829.89 1466.29 1.76139e-09 18950 -9.05742e-13 -5.07688e+08)
(1852.65 3898.38 1.76235e-09 10406.4 1.76052e-09 -5.07689e+08)
(5463.94 5690.89 -6.0569e-24 1657.36 -1.21213e-23 -5.07691e+08)
(8803.82 6742.71 -1.76045e-09 -7004.29 1.76233e-09 -5.07692e+08)
(11643.3 6913.56 -1.76145e-09 -15269.4 9.64597e-13 -5.07693e+08)
(13751.6 6003.62 1.03021e-12 -22849.5 1.76134e-09 -5.07694e+08)
(14953.5 3847.4 1.76148e-09 -29538 -1.01784e-12 -5.07696e+08)
(15170 525.557 1.05473e-12 -35319.9 1.76131e-09 -5.07697e+08)
(14478 -3877.62 3.83846e-25 -40453.6 -1.20998e-23 -5.07698e+08)
(13558 -10139.9 1.76148e-09 -45278.2 -1.13061e-12 -5.077e+08)
(11933.1 -19285.2 -7.38852e-27 -50456.2 -1.2319e-23 -5.07701e+08)
(9760.89 -30277.4 -2.01687e-24 -56280.9 -3.86745e-25 -5.07703e+08)
(-1225.2 -29718.9 1.76137e-09 46137.3 -7.93071e-13 -5.07682e+08)
(-1786.7 -25800.1 -1.19254e-23 47221.2 -2.42452e-23 -5.07682e+08)
(-2084.79 -21914.7 -1.76137e-09 46214.3 8.40791e-13 -5.07682e+08)
(-1636.45 -18068.4 0 43826.2 0 -5.07683e+08)
(-582.721 -14265 1.76138e-09 40140.4 -8.78086e-13 -5.07683e+08)
(990.731 -10574.3 1.76139e-09 35286.6 -8.92853e-13 -5.07684e+08)
(3018.24 -7101.92 -1.7614e-09 29407.9 9.05856e-13 -5.07685e+08)
(5429.31 -3949.61 -1.76141e-09 22666.1 9.17868e-13 -5.07686e+08)
(8135.06 -1191.86 1.76142e-09 15237.9 -9.29577e-13 -5.07687e+08)
(11018.6 1119.81 -2.40407e-23 7337.17 2.42137e-23 -5.07688e+08)
(13913.6 2943.78 -3.77915e-25 -780.218 2.38579e-23 -5.07689e+08)
(16597.4 4228.59 1.19361e-23 -8795.14 1.20935e-23 -5.07691e+08)
(18781.5 4878.05 -7.00694e-27 -16341 -1.21e-23 -5.07692e+08)
(20142.3 4706.3 3.65439e-23 -23032.9 -2.46599e-23 -5.07693e+08)
(20385.9 3489.84 -1.21323e-23 -28570.4 -1.20926e-23 -5.07694e+08)
(19409.3 1156.37 1.21287e-23 -32878.1 6.04251e-24 -5.07695e+08)
(17419.7 -2460.35 -1.76149e-09 -36307.8 1.0972e-12 -5.07697e+08)
(14490 -8387.98 7.45746e-27 -39806.1 1.21237e-23 -5.07698e+08)
(12153.4 -17673.9 -1.20934e-23 -44218.6 1.21319e-23 -5.077e+08)
(9838.79 -29315.3 1.44409e-27 -51099 1.21235e-23 -5.07702e+08)
(16774.1 -27579 -5.17857e-09 39853 5.99271e-10 -5.07679e+08)
(15305.8 -24237.8 -6.0435e-24 40785.2 1.81905e-23 -5.07679e+08)
(14060.7 -20951.2 -1.90743e-25 39859.2 1.21252e-23 -5.0768e+08)
(13481.6 -17664.4 1.25156e-23 37730.2 -6.17219e-27 -5.0768e+08)
(13463.7 -14381.8 1.76142e-09 34451.5 -8.89473e-13 -5.07681e+08)
(13954.9 -11167.1 -1.76142e-09 30105.5 9.07453e-13 -5.07682e+08)
(14922.6 -8129.32 -1.76143e-09 24805.2 9.23266e-13 -5.07683e+08)
(16323.7 -5364.83 0 18665.2 0 -5.07684e+08)
(18104.5 -2936.79 1.76145e-09 11833.5 -9.51127e-13 -5.07685e+08)
(20174.6 -866.972 1.76146e-09 4480.04 -9.6422e-13 -5.07687e+08)
(22397 851.658 6.65866e-27 -3155.33 1.19287e-23 -5.07688e+08)
(24550.2 2241.49 -1.76149e-09 -10758.2 9.90805e-13 -5.07689e+08)
(26313.1 3294.45 -1.7615e-09 -17898.6 1.00543e-12 -5.0769e+08)
(27255.1 3895.05 1.2101e-23 -24066.7 -7.02411e-27 -5.07692e+08)
(26917.6 3814.87 1.76151e-09 -28746.2 -1.04353e-12 -5.07693e+08)
(24933.9 2793.65 -3.91132e-25 -31674.5 2.37446e-28 -5.07694e+08)
(21331.5 309.742 3.9113e-25 -33149.6 -2.44582e-28 -5.07695e+08)
(17198.4 -5105.49 1.76148e-09 -34263.5 -1.14751e-12 -5.07696e+08)
(12941.7 -14979.8 -1.20931e-23 -37308 1.21321e-23 -5.07698e+08)
(9353.02 -28328.9 1.53258e-27 -44699.2 1.21236e-23 -5.077e+08)
(34883.8 -24476.5 5.84524e-11 34191.6 2.6132e-10 -5.07676e+08)
(32613.4 -21628.3 6.67188e-13 34959.8 1.76148e-09 -5.07677e+08)
(30343.2 -18853.6 -1.76147e-09 34058.5 8.47484e-13 -5.07677e+08)
(28705.3 -16072.4 0 32148.7 0 -5.07678e+08)
(27578.4 -13279 1.76146e-09 29247.6 -8.98813e-13 -5.07679e+08)
(26941.1 -10537 1.76062e-09 25392.6 -1.76238e-09 -5.0768e+08)
(26786 -7957.73 -1.76058e-09 20661.1 1.76238e-09 -5.07681e+08)
(27104.3 -5638.29 -1.75964e-09 15115.8 3.52382e-09 -5.07683e+08)
(27881.9 -3635.93 1.76148e-09 8863.56 -9.70517e-13 -5.07684e+08)
(29077.9 -1953.44 -9.71475e-13 2009.93 -1.76139e-09 -5.07685e+08)
(30615.1 -535.695 -4.04829e-25 -5252.69 -2.42482e-23 -5.07686e+08)
(32330.1 724.648 -1.01657e-12 -12660.7 -1.76135e-09 -5.07688e+08)
(33922.2 1953.48 2.07474e-12 -19762.1 3.52266e-09 -5.07689e+08)
(34901.3 3194.49 1.05861e-12 -25927.9 1.76131e-09 -5.0769e+08)
(34562.5 4328.73 2.16252e-12 -30328.5 3.52261e-09 -5.07691e+08)
(32218.4 5023.51 -1.10507e-12 -32208.7 -1.7613e-09 -5.07692e+08)
(27626.3 4293.91 -1.76151e-09 -31431.7 1.09792e-12 -5.07693e+08)
(20972 -195.863 0 -29425.4 0 -5.07694e+08)
(14859.1 -10681.8 -1.21008e-23 -28987.7 8.41699e-27 -5.07696e+08)
(9769.61 -26989.7 0 -35515.5 0 -5.07698e+08)
(53270.1 -20466.3 1.69606e-09 29025.2 -2.25375e-10 -5.07673e+08)
(49960.2 -17979.9 -6.9124e-13 29566.6 -1.76145e-09 -5.07674e+08)
(46712.7 -15586.1 -1.76151e-09 28688.1 8.49105e-13 -5.07675e+08)
(43992.5 -13216.4 1.17394e-23 27010.4 1.20948e-23 -5.07676e+08)
(41711.2 -10838.3 8.41211e-24 24472.2 5.86246e-24 -5.07677e+08)
(39889.4 -8528.12 -8.70559e-13 21136.9 -1.76144e-09 -5.07678e+08)
(38526.5 -6391.88 3.5221e-09 16977.9 -1.76333e-09 -5.07679e+08)
(37662.4 -4539.72 -1.7615e-09 12079 9.69989e-13 -5.07681e+08)
(37301.5 -3033.63 -3.52301e-09 6424.32 1.97537e-12 -5.07682e+08)
(37484 -1875.9 1.76052e-09 117.478 -1.76239e-09 -5.07684e+08)
(38200 -992.516 4.50078e-26 -6807.68 3.63724e-23 -5.07685e+08)
(39424.8 -199.988 1.7605e-09 -14124 -1.76237e-09 -5.07686e+08)
(40973.7 765.839 1.76154e-09 -21526.3 -1.0429e-12 -5.07688e+08)
(42435.9 2222.09 -1.06661e-12 -28281 -1.7613e-09 -5.07689e+08)
(42960.7 4346.2 -1.76155e-09 -33303.6 1.05814e-12 -5.0769e+08)
(41334.1 6984.35 -3.52421e-09 -35030.7 -1.75915e-09 -5.07691e+08)
(36424.4 8822.61 1.76153e-09 -32243.9 -1.08507e-12 -5.07691e+08)
(28548.6 6513.82 1.76151e-09 -25656.2 -1.13076e-12 -5.07692e+08)
(18946.1 -4316.24 6.05041e-24 -19486.9 -4.20379e-27 -5.07692e+08)
(10172.7 -25110.3 -2.01681e-24 -21560.9 4.69215e-27 -5.07695e+08)
(71930.2 -15535.4 -6.05078e-24 24108.7 2.66739e-27 -5.0767e+08)
(67653 -13224.2 -7.22351e-13 24454 -1.76142e-09 -5.07671e+08)
(63309.6 -11062.6 -1.07243e-26 23620.6 -2.44447e-23 -5.07672e+08)
(59406.2 -8958.35 0 22161.9 0 -5.07673e+08)
(55907.8 -6884.46 1.17908e-26 20035.3 2.40535e-23 -5.07675e+08)
(52814 -4910.55 9.03143e-13 17229.9 1.76142e-09 -5.07676e+08)
(50157.6 -3151.39 -9.38808e-13 13722.3 -1.76141e-09 -5.07678e+08)
(47967.5 -1729.54 -1.94044e-12 9516.01 -3.5228e-09 -5.07679e+08)
(46298.8 -728.04 0 4584.5 0 -5.07681e+08)
(45214.4 -180.59 1.01981e-12 -1077.66 1.76137e-09 -5.07682e+08)
(44823.3 -30.264 -2.42096e-23 -7504.92 -1.21098e-23 -5.07684e+08)
(45233.6 -94.67 1.05239e-12 -14665.8 1.76134e-09 -5.07685e+08)
(46546.4 4.91951 -2.12808e-12 -22421.9 -3.52263e-09 -5.07687e+08)
(48622.8 838.918 -1.07528e-12 -30258.3 -1.76129e-09 -5.07688e+08)
(50785.9 3122.35 -2.18004e-12 -36962 -3.52254e-09 -5.07689e+08)
(51570.7 7360.17 1.11322e-12 -40124.7 1.76126e-09 -5.0769e+08)
(48758.5 12404.8 0 -36863.1 0 -5.0769e+08)
(39952.2 13744.4 -1.65606e-26 -25645.3 -2.44431e-23 -5.07689e+08)
(26844.8 4511.26 2.41847e-23 -8820.93 -2.44604e-23 -5.07688e+08)
(12438.1 -21670.7 -4.03739e-24 289.729 -2.44348e-23 -5.07689e+08)
(91211.8 -9604.37 -1.76164e-09 19299.6 7.72256e-13 -5.07667e+08)
(85752.9 -7287.09 6.06297e-24 19388.4 -2.79283e-27 -5.07668e+08)
(80249.3 -5192.46 5.68024e-24 18657.2 1.83794e-23 -5.07669e+08)
(75090.5 -3185.39 1.17405e-23 17427.2 1.20944e-23 -5.07671e+08)
(70300.8 -1269.52 1.76159e-09 15781.5 -9.13976e-13 -5.07672e+08)
(65850.2 507.129 -1.76158e-09 13530 9.41979e-13 -5.07674e+08)
(61799.1 2008.34 -1.76157e-09 10775.5 9.6753e-13 -5.07676e+08)
(58134.4 3106.58 0 7330.12 0 -5.07677e+08)
(54945.7 3681.57 1.76156e-09 3299 -1.01375e-12 -5.07679e+08)
(52273.8 3646.67 1.76155e-09 -1541.5 -1.03517e-12 -5.07681e+08)
(50305.9 2988.59 -1.81446e-23 -7148.81 1.21349e-23 -5.07682e+08)
(49256.6 1789.8 -1.76155e-09 -13820.1 1.07337e-12 -5.07684e+08)
(49541.2 396.8 -1.76156e-09 -21559 1.08723e-12 -5.07686e+08)
(51517.5 -513.48 0 -30454.3 0 -5.07687e+08)
(55293.7 356.835 1.76159e-09 -39580.7 -1.08683e-12 -5.07689e+08)
(59922.5 4473.59 -6.46161e-24 -46411.4 -1.21194e-23 -5.07689e+08)
(62283.2 12103.6 4.0656e-25 -46083.8 2.41981e-23 -5.07689e+08)
(57563.3 19352.5 1.76159e-09 -31553.1 -1.03838e-12 -5.07686e+08)
(41553.9 15115.2 1.21098e-23 -483.389 1.2312e-23 -5.07683e+08)
(17270.4 -16174.6 -2.01877e-24 34335.5 -1.19247e-23 -5.0768e+08)
(111175 -2687.39 -7.4897e-13 14281.8 -1.76136e-09 -5.07663e+08)
(104544 -243.831 0 14221.5 0 -5.07665e+08)
(97726.4 1961.19 3.01941e-24 13545.7 -1.25167e-23 -5.07667e+08)
(91247.6 4011 0 12671.2 0 -5.07668e+08)
(85065.6 5926.86 -3.02525e-24 11470.6 3.92674e-25 -5.0767e+08)
(79208.5 7646.54 -1.21086e-23 9914.45 -1.21177e-23 -5.07672e+08)
(73643.2 9044.29 0 7893.58 0 -5.07673e+08)
(68402.9 9978.62 0 5401.29 0 -5.07675e+08)
(63469 10296.4 0 2333.64 0 -5.07677e+08)
(58912.3 9862.31 -6.04306e-24 -1352.21 1.21277e-23 -5.07679e+08)
(54807.4 8538.57 -6.05821e-24 -5843.68 -1.17293e-23 -5.07681e+08)
(51437.5 6261.91 7.80813e-27 -11352.8 1.2124e-23 -5.07683e+08)
(49293.5 3105.44 0 -18312.4 0 -5.07685e+08)
(49284 -427.205 0 -27219 0 -5.07687e+08)
(52694.5 -2962.88 0 -38196.2 0 -5.07689e+08)
(60511.6 -2002.04 7.37355e-27 -50036.3 1.21232e-23 -5.0769e+08)
(71383.4 5177.9 0 -57317.4 0 -5.07689e+08)
(77024.1 17332.1 3.02474e-23 -47448.8 -1.25307e-23 -5.07685e+08)
(63714.8 22915.9 -7.91932e-27 -723.216 -1.21241e-23 -5.07678e+08)
(27416.9 -6820.73 -2.07336e-27 84677.9 -1.21259e-23 -5.07666e+08)
(132105 4910.49 -3.30977e-09 8945.79 1.6825e-10 -5.0766e+08)
(123998 7519.38 1.76259e-09 8779.22 1.76053e-09 -5.07662e+08)
(115850 9889.8 2.34718e-24 8281.27 1.94426e-25 -5.07664e+08)
(107986 12045.2 1.98891e-25 7800.04 6.04986e-24 -5.07666e+08)
(100384 14035.2 1.76167e-09 7094.96 -9.11694e-13 -5.07668e+08)
(93066.3 15791.6 -1.7606e-09 6243.29 1.7623e-09 -5.07669e+08)
(85960.2 17212.2 -1.76055e-09 5009 1.76233e-09 -5.07671e+08)
(79068.4 18147.6 0 3510.64 0 -5.07673e+08)
(72301.6 18439.3 1.7616e-09 1526.79 -1.02418e-12 -5.07675e+08)
(65647.7 17912.8 1.76276e-09 -837.981 1.76031e-09 -5.07677e+08)
(59037.7 16346.6 6.05879e-24 -3871.9 1.19248e-23 -5.0768e+08)
(52571.7 13511.2 -1.76036e-09 -7643.4 1.76245e-09 -5.07682e+08)
(46507.5 9138.74 -1.76155e-09 -12754.8 1.12785e-12 -5.07685e+08)
(41707.2 3232.84 1.17161e-12 -19877.9 1.76133e-09 -5.07687e+08)
(40087.8 -3603.79 1.76154e-09 -30329.6 -1.15672e-12 -5.0769e+08)
(45195.2 -9145.37 1.0674e-12 -45467.9 1.76125e-09 -5.07692e+08)
(60325.2 -8842.6 -1.19371e-23 -63481.6 -1.20918e-23 -5.07693e+08)
(81233.9 2816.09 1.76168e-09 -69368.5 -8.81202e-13 -5.0769e+08)
(86516.7 20133.3 1.24076e-26 -19475.6 2.48339e-23 -5.07677e+08)
(45181.2 5381.61 6.00053e-29 149319 3.91192e-25 -5.07647e+08)
(154268 12742.3 1.76267e-09 3657.36 1.76054e-09 -5.07656e+08)
(143965 15553.2 9.05171e-13 3296.85 1.76131e-09 -5.07658e+08)
(134446 17988.6 -1.76273e-09 3133.83 -1.76048e-09 -5.07661e+08)
(125187 20188.5 0 2966.09 0 -5.07663e+08)
(116210 22203 1.76066e-09 2815.55 -1.76223e-09 -5.07665e+08)
(107444 24004.3 1.7617e-09 2522.58 -9.37788e-13 -5.07667e+08)
(98868.6 25501.4 -1.76053e-09 2116.37 1.76231e-09 -5.07669e+08)
(90367.5 26568.7 -1.76165e-09 1468.08 9.95044e-13 -5.07671e+08)
(81862 27067.2 1.76163e-09 636.567 -1.02214e-12 -5.07673e+08)
(73162.6 26820.4 -3.59863e-23 -494.721 2.14295e-26 -5.07676e+08)
(64093.5 25624.6 -1.25411e-12 -1907.42 -1.76136e-09 -5.07678e+08)
(54372.6 23179 -3.91145e-25 -3802.77 2.45263e-28 -5.07681e+08)
(43731 19092.4 8.70146e-27 -6416.02 1.21e-23 -5.07684e+08)
(32030.7 12849.3 1.25309e-12 -10357.3 1.76136e-09 -5.07687e+08)
(19945.2 3939.69 8.35419e-27 -17202.7 1.20999e-23 -5.07692e+08)
(10449.6 -7352.85 1.21287e-23 -30018.2 6.04169e-24 -5.07697e+08)
(10479.8 -17517.5 -1.76148e-09 -52173.4 1.11376e-12 -5.07702e+08)
(30295.2 -17527.9 -7.41551e-13 -75695.5 -1.76119e-09 -5.07703e+08)
(60140.6 252.818 -3.80743e-13 -49715.4 -1.76123e-09 -5.0769e+08)
(51712.1 14661.1 -1.2789e-13 199571 -1.7619e-09 -5.07634e+08)
(176684 22596.8 -1.63225e-09 -1359.64 5.92994e-10 -5.07652e+08)
(164232 25240.7 -1.76185e-09 -1405.46 1.34768e-13 -5.07655e+08)
(153248 27550.1 -1.76182e-09 -1267.16 1.37282e-13 -5.07657e+08)
(142646 29638.8 0 -1117.88 0 -5.0766e+08)
(132353 31573 1.76177e-09 -910.198 -1.42611e-13 -5.07662e+08)
(122298 33362.9 1.76174e-09 -734.068 -1.4492e-13 -5.07664e+08)
(112419 34952.5 -1.76171e-09 -532.62 1.47327e-13 -5.07666e+08)
(102583 36253.7 -1.76169e-09 -388.947 1.50384e-13 -5.07669e+08)
(92651.6 37161.4 1.76166e-09 -237.668 -1.54725e-13 -5.07671e+08)
(82394.9 37559.5 -2.40609e-23 -156.345 -2.01447e-24 -5.07673e+08)
(71518.1 37331.7 1.21258e-23 -91.7047 -1.16872e-27 -5.07676e+08)
(59519.7 36338.4 -3.95785e-25 -140.343 -2.01662e-24 -5.07679e+08)
(45620.6 34417.9 -9.38588e-27 -327.015 -4.03333e-24 -5.07682e+08)
(28471.5 31297 1.21155e-23 -858.813 -4.03482e-24 -5.07686e+08)
(5630.62 26522.9 -9.45236e-27 -2392.92 -4.03334e-24 -5.07692e+08)
(-27045.2 19278.2 1.21147e-23 -6638.41 -4.0352e-24 -5.077e+08)
(-74537.8 8596.09 -1.76123e-09 -16910.3 2.85792e-13 -5.07713e+08)
(-137572 -4936.19 0 -35002.6 0 -5.07732e+08)
(-187928 -14935.8 0 -41472.5 0 -5.07745e+08)
(-56193.9 -35.5677 0 66629.2 0 -5.0769e+08)
(-65869.4 -3755.9 2.33716e-09 -34278.3 -5.63329e-09 -5.07715e+08)
(-72741.4 -24727.9 -5.44817e-10 -28448.9 -4.96163e-09 -5.07716e+08)
(-81889.7 -40706.4 -2.47438e-09 -14644.9 -2.51032e-09 -5.07715e+08)
(-94668.9 -52200.8 3.8547e-10 5263.36 1.91343e-10 -5.07713e+08)
(-109814 -58601.3 -4.31928e-11 29764.8 2.47605e-09 -5.07711e+08)
(-125720 -59308 2.75483e-09 56920.7 5.03112e-09 -5.07708e+08)
(-140478 -54128.8 7.91791e-10 84341.2 -4.65961e-09 -5.07705e+08)
(-151830 -43293.6 -3.86337e-10 109424 1.01341e-09 -5.07702e+08)
(-157433 -27553.7 -1.0747e-09 129270 7.60481e-10 -5.07699e+08)
(-152905 -7979.74 0 143388 0 -5.07695e+08)
(-49039.5 -3289.18 1.0646e-11 -27831.3 -2.76422e-09 -5.0771e+08)
(-55090.1 -22322.7 2.36831e-09 -22712.4 -8.54054e-09 -5.0771e+08)
(-63344.8 -36948.6 2.35068e-09 -10367.8 -5.69656e-09 -5.07709e+08)
(-75079.8 -47678.2 1.32899e-09 7432.12 -8.25001e-09 -5.07708e+08)
(-89289.9 -54011.5 -9.29821e-11 29360.5 2.68396e-09 -5.07706e+08)
(-104739 -55419.8 -3.37791e-09 53755.2 -9.81096e-10 -5.07704e+08)
(-119949 -51647.7 -1.11187e-10 78643.2 6.87051e-09 -5.07702e+08)
(-133215 -42811.6 2.29016e-09 101788 -3.60523e-09 -5.077e+08)
(-143153 -29703.3 -3.11223e-11 120331 2.20992e-09 -5.07698e+08)
(-143520 -13323 1.51447e-09 133832 -6.05549e-10 -5.07695e+08)
(-33558.5 -3001.51 -2.10495e-11 -22196.9 5.46371e-09 -5.07705e+08)
(-39059.3 -20600.8 -2.35123e-09 -17966 5.74857e-09 -5.07705e+08)
(-46828.6 -34316.7 -2.31798e-09 -7582.32 2.96163e-09 -5.07705e+08)
(-58032.8 -44699.5 3.48471e-09 7426.88 -1.02679e-09 -5.07704e+08)
(-71843 -51343.3 2.3204e-09 25982.2 -3.10037e-09 -5.07703e+08)
(-87231.2 -53755.5 3.50595e-09 46773.5 7.78882e-10 -5.07702e+08)
(-102946 -51609.1 -1.55036e-10 68271.9 6.31796e-10 -5.077e+08)
(-117649 -44900.9 -3.31284e-09 88697.6 -2.8567e-09 -5.07699e+08)
(-129993 -34094.3 -4.32288e-11 105854 1.84666e-10 -5.07698e+08)
(-133377 -19629.1 -1.12075e-09 119815 -3.32425e-09 -5.07695e+08)
(-19097.7 -2721.03 -3.1373e-42 -17104 -7.92227e-44 -5.07701e+08)
(-24144 -18980.9 1.12187e-09 -13579.1 2.53625e-09 -5.07701e+08)
(-31387.8 -31799.1 -1.59886e-10 -4837.01 8.06973e-09 -5.07701e+08)
(-41951.4 -41781.1 -1.32596e-09 7809.04 8.04715e-09 -5.077e+08)
(-55138 -48613.1 1.25195e-09 23466.1 -2.95097e-09 -5.077e+08)
(-70068 -51846 -2.43686e-09 41097.7 1.13222e-09 -5.07699e+08)
(-85699.5 -51137.3 -3.27271e-09 59501.2 -8.08343e-09 -5.07698e+08)
(-100934 -46377 2.449e-09 77297.2 -1.4963e-09 -5.07698e+08)
(-114784 -37766.5 -9.66462e-11 92851.2 2.58685e-10 -5.07697e+08)
(-120483 -25301.6 3.88482e-09 106506 -6.61938e-10 -5.07696e+08)
(-5350.25 -2406.51 1.1514e-09 -12528.2 -7.18173e-11 -5.07696e+08)
(-9914.5 -17352.7 1.20745e-09 -9581.11 -5.41203e-09 -5.07697e+08)
(-16612.4 -29248.7 0 -2227.23 0 -5.07697e+08)
(-26472.9 -38747 -1.24362e-09 8397.33 2.89598e-09 -5.07696e+08)
(-38891.3 -45621.1 -1.16775e-09 21565.4 2.98033e-10 -5.07696e+08)
(-53120.7 -49485.5 6.54185e-11 36443.3 -2.44533e-09 -5.07696e+08)
(-68282.7 -49995.4 -1.18504e-10 52099.2 4.71221e-09 -5.07696e+08)
(-83559 -46973.3 1.11488e-09 67465.6 6.06404e-09 -5.07696e+08)
(-98050.2 -40368.3 -8.4755e-11 81397.1 2.30002e-09 -5.07696e+08)
(-105786 -30043.8 -1.25813e-09 94116.5 6.92065e-09 -5.07695e+08)
(8060.57 -2067.19 -2.31484e-09 -8494.12 1.35731e-10 -5.07692e+08)
(3905.43 -15740 1.2209e-09 -6041.14 -2.96723e-09 -5.07693e+08)
(-2253.95 -26693.2 3.52244e-09 147.445 -3.03142e-09 -5.07693e+08)
(-11399.1 -35634.4 -1.19573e-09 9063.82 2.86142e-10 -5.07693e+08)
(-23002.7 -42418.4 -1.24489e-09 20106.8 2.77558e-09 -5.07693e+08)
(-36415.2 -46719.7 1.28912e-10 32612.6 -4.8173e-09 -5.07693e+08)
(-50884.8 -48200.8 1.26279e-09 45863.1 -5.53082e-10 -5.07693e+08)
(-65745.6 -46618.6 1.18636e-09 59061.3 1.69748e-09 -5.07694e+08)
(-80406.4 -41799.1 8.95895e-11 71358.6 -6.32294e-09 -5.07694e+08)
(-89356.5 -33552.1 -1.60824e-09 82853.2 5.25475e-10 -5.07694e+08)
(21351.9 -1705.48 -3.13605e-42 -5019.77 -6.87465e-44 -5.07689e+08)
(17617.7 -14147.7 -8.95711e-11 -2964.06 7.96089e-09 -5.07689e+08)
(11955.7 -24163.5 1.23383e-09 2249.18 -2.81556e-09 -5.07689e+08)
(3482.32 -32496 1.17724e-09 9730.36 -1.95723e-10 -5.07689e+08)
(-7335.24 -39073.6 -3.68973e-09 18977.6 1.05554e-09 -5.0769e+08)
(-19909.2 -43623.5 -1.12172e-09 29461.1 1.30286e-10 -5.0769e+08)
(-33586.7 -45824.4 3.69737e-09 40628.3 9.26598e-10 -5.07691e+08)
(-47897.5 -45409.4 -2.64794e-09 51861.3 -8.34842e-10 -5.07691e+08)
(-62300.2 -42118 -1.06711e-09 62551 -5.98247e-09 -5.07692e+08)
(-72087.5 -35806.5 4.26377e-09 72621.7 -3.89948e-09 -5.07692e+08)
(34781.3 -1341.07 1.15933e-09 -2114.54 2.59398e-09 -5.07685e+08)
(31380.9 -12612.7 -4.28628e-11 -382.389 2.70414e-09 -5.07685e+08)
(26172.4 -21696.6 2.17737e-11 4021.82 -6.43279e-11 -5.07685e+08)
(18313.6 -29382 2.74523e-11 10309.6 -2.46639e-09 -5.07686e+08)
(8232.37 -35655.3 -1.33171e-09 18055.4 5.16052e-09 -5.07686e+08)
(-3530.62 -40287.2 1.14578e-09 26833.3 4.37973e-09 -5.07687e+08)
(-16418.9 -42982 -5.47835e-11 36206.9 1.11088e-10 -5.07688e+08)
(-30036.9 -43448.1 -3.97623e-09 45706 1.63549e-09 -5.07689e+08)
(-43978.8 -41400.3 -9.26841e-12 54873.8 1.01111e-08 -5.0769e+08)
(-54061.8 -36768.6 2.69529e-09 63522.8 6.07308e-10 -5.0769e+08)
(48459.2 -968.476 2.03109e-11 238.057 -5.27064e-09 -5.07681e+08)
(45403.9 -11116.5 -1.09814e-09 1712.55 -7.74584e-09 -5.07681e+08)
(40595.6 -19294.4 -1.18142e-09 5450.64 1.11931e-10 -5.07682e+08)
(33279.7 -26307.9 3.68088e-09 10752.2 -7.1565e-10 -5.07682e+08)
(23859.2 -32195 6.80772e-12 17251.6 -4.64715e-09 -5.07683e+08)
(12829.6 -36770.4 -3.78897e-09 24596.5 3.25967e-09 -5.07684e+08)
(685.704 -39758.2 1.50061e-09 32440.4 -7.27108e-09 -5.07685e+08)
(-12241.6 -40859.6 3.91664e-09 40412.2 4.95952e-09 -5.07686e+08)
(-25542.1 -39782 -2.92083e-10 48181.9 1.05924e-08 -5.07687e+08)
(-35796.5 -36568.6 -4.47303e-09 55430.2 7.51864e-09 -5.07688e+08)
(62561.1 -604.15 3.04628e-11 2024.85 -7.90614e-09 -5.07677e+08)
(59770.2 -9685.73 2.47476e-09 3282.27 -8.05283e-09 -5.07678e+08)
(55322.2 -16967.6 3.54387e-09 6488.64 2.20058e-09 -5.07678e+08)
(48491.6 -23289.3 -2.50456e-09 10988.5 5.0311e-10 -5.07679e+08)
(39657.5 -28726.3 4.37798e-10 16462.2 -1.24256e-08 -5.07679e+08)
(29281.8 -33130 -2.22207e-11 22615.7 -4.4702e-09 -5.0768e+08)
(17824.9 -36239.1 2.87097e-09 29169.9 -1.11286e-09 -5.07681e+08)
(5600.14 -37752.5 6.69534e-09 35835.8 -4.20159e-09 -5.07683e+08)
(-7099.56 -37408.8 8.68893e-11 42344.4 -6.1223e-09 -5.07684e+08)
(-17207.5 -35333.9 -3.35344e-09 48335.5 -1.15631e-09 -5.07685e+08)
(77140.2 -234.685 -5.03213e-11 3271.2 1.30622e-08 -5.07674e+08)
(74639.2 -8284.03 3.51223e-09 4369.58 7.49196e-09 -5.07674e+08)
(70507.9 -14699.6 2.32463e-09 7146.79 2.4233e-09 -5.07674e+08)
(64101.4 -20316 -3.64756e-09 10993 -1.96527e-09 -5.07675e+08)
(55772 -25253.2 -2.60135e-09 15626.9 5.23664e-09 -5.07676e+08)
(45964.8 -29384.3 2.82631e-09 20793.7 -7.68043e-09 -5.07677e+08)
(35108.7 -32472 2.61285e-09 26273.2 -6.02502e-10 -5.07678e+08)
(23455.5 -34225.6 1.35456e-10 31815.5 -6.4567e-09 -5.0768e+08)
(11322.7 -34413.4 8.70802e-11 37211.2 -6.13732e-09 -5.07681e+08)
(1335.32 -33224.4 2.44833e-13 42053.2 -5.04671e-11 -5.07682e+08)
(92337.6 124.461 -2.40858e-09 3986.43 5.32789e-09 -5.0767e+08)
(90056.5 -6944.31 -2.47303e-09 4971.98 7.84811e-09 -5.0767e+08)
(86215.3 -12494.7 -1.22641e-09 7399.74 1.30764e-10 -5.07671e+08)
(80187 -17398.7 -1.22227e-09 10718 1.30391e-10 -5.07671e+08)
(72301.7 -21787.7 -2.7656e-09 14662.8 7.71095e-09 -5.07672e+08)
(62985.3 -25564.7 -2.56306e-09 19026.4 4.58295e-10 -5.07673e+08)
(52619.7 -28507.5 2.70653e-09 23611.4 1.50884e-09 -5.07675e+08)
(41458.3 -30342.2 2.694e-09 28216.9 1.43678e-09 -5.07676e+08)
(29797 -30856.4 4.47573e-09 32647.6 5.42666e-10 -5.07678e+08)
(20055.3 -30300.7 1.02503e-09 36525.7 1.09007e-09 -5.07679e+08)
(108170 489.884 1.23039e-09 4222.22 -7.82013e-09 -5.07666e+08)
(106142 -5621.44 1.22835e-09 5120.15 -2.60275e-09 -5.07667e+08)
(102563 -10332.8 -1.18871e-09 7257.45 -2.40952e-09 -5.07667e+08)
(96873.3 -14519.4 3.13391e-11 10145.7 -4.28553e-11 -5.07668e+08)
(89375.2 -18315.3 -2.69928e-09 13524.6 2.86468e-09 -5.07669e+08)
(80462.4 -21665.4 2.44441e-11 17232.8 4.47726e-09 -5.0767e+08)
(70495.7 -24350.9 3.83896e-09 21076.9 5.93393e-09 -5.07671e+08)
(59739.1 -26115.8 -2.21447e-13 24897.6 1.05636e-11 -5.07673e+08)
(48522.3 -26769.7 -1.50891e-13 28511.1 1.06469e-11 -5.07675e+08)
(38839 -26624 -1.69305e-09 31540.8 -5.48175e-09 -5.07676e+08)
(124743 835.67 -3.13445e-42 3981.79 -4.14459e-44 -5.07663e+08)
(122916 -4348.27 2.87829e-11 4790.05 -2.56081e-09 -5.07663e+08)
(119590 -8234.99 4.46918e-11 6705.03 -2.52251e-09 -5.07663e+08)
(114218 -11676.6 1.26938e-09 9220.91 -1.39114e-10 -5.07664e+08)
(107069 -14853 2.22629e-11 12147.2 -2.34785e-09 -5.07665e+08)
(98503.4 -17689.9 4.79199e-11 15295.1 -2.57133e-11 -5.07666e+08)
(88892 -20013.9 -1.78888e-12 18544.6 -2.16618e-09 -5.07668e+08)
(78504.7 -21553.2 -1.40039e-09 21695.7 2.60471e-10 -5.07669e+08)
(67594.9 -22181.1 -5.68897e-11 24618.4 4.01748e-09 -5.07671e+08)
(58029.9 -22225.5 1.74016e-09 26974.5 -2.14479e-09 -5.07673e+08)
(142024 1190.18 -3.1344e-42 3234.26 -3.71949e-44 -5.07659e+08)
(140446 -3089.57 0 4004.62 0 -5.07659e+08)
(137378 -6171.92 -1.32899e-10 5720.28 7.50275e-09 -5.07659e+08)
(132319 -8865.68 0 7918.45 0 -5.0766e+08)
(125503 -11368.3 -2.75078e-09 10444.4 5.05364e-09 -5.07661e+08)
(117272 -13614.2 2.16865e-10 13128 -4.68524e-09 -5.07662e+08)
(107988 -15453.1 4.18834e-09 15865.6 -2.82334e-09 -5.07664e+08)
(97892.8 -16636.3 4.32327e-09 18453.3 1.34409e-09 -5.07665e+08)
(87202.6 -17069 -1.69615e-09 20790.4 4.34322e-10 -5.07667e+08)
(77538.3 -17091.7 -4.64476e-09 22579.9 2.87028e-09 -5.07669e+08)
(160135 1533.68 -9.79066e-12 2067.91 2.54384e-09 -5.07655e+08)
(158769 -1906.97 3.6955e-09 2817.45 -1.41406e-10 -5.07655e+08)
(155967 -4175.19 2.69452e-11 4318.13 -4.87777e-09 -5.07655e+08)
(151250 -6120.34 8.50287e-11 6223.37 -7.7653e-11 -5.07656e+08)
(144788 -7880.79 -2.75052e-09 8349.72 3.56342e-10 -5.07657e+08)
(136911 -9460.64 -3.99908e-09 10637.7 4.9014e-09 -5.07658e+08)
(127936 -10683.1 4.26859e-09 12884.4 -4.90891e-09 -5.0766e+08)
(118081 -11365.2 -1.70725e-11 15007.3 -2.07644e-09 -5.07662e+08)
(107500 -11406.4 1.55359e-10 16839.1 -6.08877e-09 -5.07664e+08)
(97705.5 -11175.7 1.55688e-09 18204.3 -2.60668e-10 -5.07666e+08)
(179032 1850.5 -1.22564e-09 557.394 2.74563e-11 -5.07651e+08)
(177909 -784.73 -3.70233e-09 1268.74 9.2442e-11 -5.07651e+08)
(175424 -2303.46 1.70446e-10 2540.4 -7.51099e-09 -5.07651e+08)
(171106 -3466.09 2.35713e-09 4095.83 7.16508e-09 -5.07652e+08)
(165062 -4451.7 1.83587e-10 5850.43 -7.10512e-09 -5.07653e+08)
(157575 -5260.32 -2.86505e-09 7702.74 4.82616e-09 -5.07654e+08)
(148929 -5760.59 9.90665e-11 9521.54 -5.67109e-11 -5.07656e+08)
(139268 -5767 2.90538e-09 11204.7 -2.40823e-09 -5.07658e+08)
(128773 -5235.12 -2.84782e-11 12626 2.01834e-09 -5.0766e+08)
(118636 -4526.2 -9.16502e-12 13597.2 1.9239e-09 -5.07662e+08)
(198722 2057.91 3.51026e-14 -993.71 -9.1195e-12 -5.07647e+08)
(197929 148.979 5.61386e-11 -320.17 -4.99825e-09 -5.07647e+08)
(195867 -631.501 3.57411e-09 635.202 1.22208e-08 -5.07647e+08)
(192027 -1009.62 -1.29254e-10 1778.82 2.48078e-09 -5.07648e+08)
(186482 -1195.22 -3.89396e-09 3116.11 1.66234e-10 -5.07649e+08)
(179453 -1170.91 0 4489.92 0 -5.0765e+08)
(171148 -853.775 -1.10594e-10 5854.02 4.40816e-09 -5.07651e+08)
(161663 -68.7541 1.48792e-09 7107.64 -1.23099e-10 -5.07653e+08)
(151128 1178.38 3.05395e-09 8154.24 -2.69391e-10 -5.07656e+08)
(140734 2442.34 -1.94461e-09 8796.13 2.46564e-11 -5.07658e+08)
(218816 1927.17 -3.69579e-09 -2673.77 -4.97243e-09 -5.07642e+08)
(218840 856.203 2.50062e-09 -2003.83 2.41224e-09 -5.07642e+08)
(217297 827.476 3.7278e-09 -1452.96 -8.79296e-12 -5.07642e+08)
(214015 1229.09 -3.68202e-09 -751.418 -7.1524e-09 -5.07643e+08)
(209074 1913.83 -1.3647e-09 87.1378 2.38199e-09 -5.07644e+08)
(202594 2854.03 -6.08295e-11 959.227 2.27947e-09 -5.07645e+08)
(194663 4119.62 0 1827.78 0 -5.07647e+08)
(185334 5812.59 -4.42649e-11 2721.46 2.12048e-09 -5.07649e+08)
(174557 7828.25 2.85583e-11 3445.39 -2.02993e-09 -5.07651e+08)
(164224 9787.31 -7.25652e-14 3837.29 1.53898e-11 -5.07654e+08)
(238564 802.138 3.77583e-09 -3342.94 -2.50858e-09 -5.07638e+08)
(241346 1394.48 2.34661e-09 -2956.06 2.48785e-09 -5.07637e+08)
(240149 2293.3 -1.04321e-09 -2884.26 -2.45371e-09 -5.07638e+08)
(237491 3629.8 1.39208e-09 -2746.63 -8.06344e-10 -5.07638e+08)
(233367 5435.71 1.20706e-09 -2548.39 7.78857e-10 -5.07639e+08)
(227568 7665.69 -1.48039e-09 -2329.79 7.65134e-10 -5.0764e+08)
(219979 10272.4 3.49563e-11 -2091.21 -1.04299e-12 -5.07642e+08)
(210530 13204.6 -1.23863e-10 -1805.14 7.07111e-10 -5.07644e+08)
(199534 16324 1.58519e-09 -1507.82 -1.03716e-11 -5.07647e+08)
(188613 19520 1.29753e-09 -1343.92 1.28352e-09 -5.07649e+08)
)
;

boundaryField
{
    left
    {
        type            symmetryPlane;
    }
    right
    {
        type            calculated;
        value           nonuniform List<symmTensor> 
30
(
(17006.4 -1106.83 2.89808e-13 -245647 2.5295e-09 -5.07745e+08)
(17079.2 -5544.72 -2.78988e-13 -247864 3.65337e-09 -5.07746e+08)
(16995.2 -9990.39 4.42934e-16 -244850 -1.40254e-11 -5.07745e+08)
(16826.4 -14453.3 1.16334e-13 -239364 2.89609e-09 -5.07744e+08)
(16576.4 -18904.9 -3.34686e-13 -231755 9.47842e-10 -5.07742e+08)
(16245.7 -23148.7 2.44338e-13 -222149 -2.68947e-09 -5.0774e+08)
(15838.6 -27033.6 1.50919e-13 -210688 -1.42296e-09 -5.07737e+08)
(15397.4 -31144.3 5.37316e-13 -198773 -4.39446e-09 -5.07735e+08)
(14896.2 -36251.2 -1.44445e-13 -186226 1.75915e-09 -5.07732e+08)
(14223.4 -41943.5 -4.80872e-13 -170734 2.9179e-09 -5.07728e+08)
(13431.1 -45895.5 -2.46429e-14 -152994 1.34723e-10 -5.07725e+08)
(12603.8 -47130.1 1.33346e-27 -134359 -6.44345e-24 -5.0772e+08)
(11830.8 -46190.8 -3.20513e-13 -116402 1.76109e-09 -5.07716e+08)
(11202.4 -43956.6 -3.0501e-13 -100987 1.76113e-09 -5.07713e+08)
(10735.6 -41338.4 5.73685e-13 -88677.4 -3.52233e-09 -5.0771e+08)
(10406.5 -38888 1.8521e-27 -79186.2 -1.21187e-23 -5.07708e+08)
(10175.7 -36845.6 -1.7874e-27 -71876.9 1.21316e-23 -5.07707e+08)
(10007.7 -35206.5 2.44294e-13 -66036.1 -1.76123e-09 -5.07705e+08)
(9874.23 -33914.6 -2.35329e-13 -61045 1.76124e-09 -5.07704e+08)
(9754.09 -32899.1 2.26427e-29 -56282.9 -3.86745e-25 -5.07703e+08)
(9626.42 -32150.8 -1.53562e-27 -51162.7 1.21235e-23 -5.07702e+08)
(9462.05 -31645 -1.51146e-27 -44666.5 1.21236e-23 -5.077e+08)
(9226.54 -31336.6 0 -35678.4 0 -5.07698e+08)
(8866.69 -30996.7 -4.33231e-29 -21952.7 4.69215e-27 -5.07695e+08)
(8327.89 -30206 2.80545e-27 -943.332 -2.44348e-23 -5.07691e+08)
(7545.29 -28003.7 1.25501e-27 31418 -1.19247e-23 -5.07683e+08)
(6476.68 -22444.6 1.07202e-27 78395.9 -1.21259e-23 -5.07673e+08)
(5231.02 -8625.97 -1.32904e-29 137334 3.91192e-25 -5.07659e+08)
(4411.61 25720.6 -1.78473e-13 185381 -1.7619e-09 -5.07649e+08)
(7555.5 98593.4 0 85754 0 -5.07671e+08)
)
;
    }
    down
    {
        type            symmetryPlane;
    }
    up
    {
        type            calculated;
        value           nonuniform List<symmTensor> 
30
(
(238111 328.732 3.77583e-09 -4851.49 -1.37468e-13 -5.07638e+08)
(240751 1462.68 2.34661e-09 -4939.75 1.59154e-13 -5.07638e+08)
(239507 2572.26 -1.04321e-09 -5021.44 -1.61026e-13 -5.07638e+08)
(236778 4113.25 1.39208e-09 -5122.58 -2.97966e-14 -5.07639e+08)
(232567 6199 1.20706e-09 -5215.02 8.31045e-14 -5.0764e+08)
(226686 8776.06 -1.48039e-09 -5271.48 4.30789e-15 -5.07641e+08)
(219025 11746.3 3.49563e-11 -5271.29 1.53873e-15 -5.07643e+08)
(209513 15016.6 -1.23863e-10 -5197.54 4.66963e-14 -5.07645e+08)
(198474 18519.2 1.58519e-09 -5040.85 1.14833e-13 -5.07648e+08)
(187572 22148.9 1.29753e-09 -4815.3 2.06593e-13 -5.0765e+08)
(175734 25238.2 -1.63225e-09 -4524.43 -1.22238e-13 -5.07653e+08)
(163395 27737.5 -1.76185e-09 -4195.26 -1.92468e-13 -5.07656e+08)
(152470 29984.1 -1.76182e-09 -3860.32 -2.08056e-13 -5.07658e+08)
(141928 32024.1 0 -3509.76 0 -5.0766e+08)
(131683 33927.6 1.76177e-09 -3141.29 2.3542e-13 -5.07663e+08)
(121694 35711.8 1.76174e-09 -2749.59 2.47801e-13 -5.07665e+08)
(111880 37331.9 -1.76171e-09 -2328.32 -2.59042e-13 -5.07667e+08)
(102138 38706.6 -1.76169e-09 -1873.77 -2.68581e-13 -5.07669e+08)
(92307.5 39737.3 1.76166e-09 -1384.67 2.75733e-13 -5.07671e+08)
(82183 40327.6 -2.40609e-23 -862.768 -3.84257e-27 -5.07674e+08)
(71452.3 40385.6 1.21258e-23 -311.24 1.92894e-27 -5.07676e+08)
(59641.8 39837.4 -3.95785e-25 266.729 -4.69337e-29 -5.07678e+08)
(45979.9 38610 -9.38588e-27 870.646 6.45448e-29 -5.07681e+08)
(29181.3 36644.2 1.21155e-23 1507.27 1.84944e-27 -5.07685e+08)
(7008.57 33877.2 -9.45236e-27 2200.23 1.31157e-28 -5.0769e+08)
(-24152.9 29987.3 1.21147e-23 3002.47 1.58949e-27 -5.07697e+08)
(-68274.3 23336.1 -1.76123e-09 3968.05 -1.61927e-13 -5.07707e+08)
(-125555 8657.25 0 5053.48 0 -5.0772e+08)
(-173778 -26176 0 5693.94 0 -5.07731e+08)
(-75448.2 -98654.1 0 2448.2 0 -5.07709e+08)
)
;
    }
    hole
    {
        type            calculated;
        value           nonuniform List<symmTensor> 
20
(
(24598.6 51219.2 2.47478e-12 -108259 -2.34944e-12 -5.07712e+08)
(-47084.9 103878 -3.35263e-09 -124516 2.64167e-09 -5.07732e+08)
(-129775 144769 0 -124005 0 -5.07751e+08)
(-217952 170788 -1.5193e-09 -110536 1.65406e-09 -5.07768e+08)
(-305230 180365 -1.93876e-09 -88598.5 8.93528e-10 -5.07783e+08)
(-386028 173792 -3.7615e-09 -62671.8 2.13469e-09 -5.07796e+08)
(-454201 152264 2.05099e-09 -36704.5 -5.78049e-10 -5.07806e+08)
(-506458 118365 6.27633e-09 -14012.9 -1.24805e-09 -5.07812e+08)
(-540330 74953.1 4.23727e-09 2855.87 -5.0153e-10 -5.07816e+08)
(-553658 25260.3 4.31262e-09 11880.3 -1.69712e-10 -5.07817e+08)
(-16315.4 -32407.4 -1.69034e-10 623456 4.30672e-09 -5.07552e+08)
(-2034.76 -101614 -5.02616e-10 597763 4.24337e-09 -5.07555e+08)
(25014.2 -158483 -4.17275e-10 535628 2.09564e-09 -5.07563e+08)
(58983.1 -194663 1.1606e-09 446169 -4.11138e-09 -5.07576e+08)
(92790.5 -207265 -2.13662e-09 343561 3.76327e-09 -5.07592e+08)
(118919 -194990 -2.68598e-09 235071 5.82113e-09 -5.07611e+08)
(132969 -164056 -6.12738e-10 135943 -3.4046e-10 -5.0763e+08)
(132518 -119890 3.55917e-09 50685.9 -5.32292e-09 -5.0765e+08)
(114432 -65305.6 3.96916e-09 -20645.1 -5.03154e-09 -5.07671e+08)
(79353.5 -7435.49 2.97796e-13 -73249.8 -3.25698e-13 -5.07691e+08)
)
;
    }
    frontAndBack
    {
        type            empty;
    }
}


// ************************************************************************* //
