/*--------------------------------*- C++ -*----------------------------------*\
  =========                 |
  \\      /  F ield         | OpenFOAM: The Open Source CFD Toolbox
   \\    /   O peration     | Website:  https://openfoam.org
    \\  /    A nd           | Version:  dev
     \\/     M anipulation  |
\*---------------------------------------------------------------------------*/
FoamFile
{
    version     2.0;
    format      ascii;
    class       volScalarField;
    location    "100";
    object      sigmaEq;
}
// * * * * * * * * * * * * * * * * * * * * * * * * * * * * * * * * * * * * * //

dimensions      [1 -1 -2 0 0 0 0];

internalField   nonuniform List<scalar> 
1000
(
5.07693e+08
5.07693e+08
5.07693e+08
5.07694e+08
5.07694e+08
5.07694e+08
5.07694e+08
5.07694e+08
5.07694e+08
5.07694e+08
5.07687e+08
5.07689e+08
5.0769e+08
5.0769e+08
5.07691e+08
5.07692e+08
5.07692e+08
5.07692e+08
5.07692e+08
5.07693e+08
5.07682e+08
5.07684e+08
5.07686e+08
5.07687e+08
5.07689e+08
5.07689e+08
5.0769e+08
5.07691e+08
5.07691e+08
5.07692e+08
5.07678e+08
5.07681e+08
5.07683e+08
5.07685e+08
5.07686e+08
5.07687e+08
5.07688e+08
5.07689e+08
5.0769e+08
5.07691e+08
5.07673e+08
5.07677e+08
5.0768e+08
5.07682e+08
5.07684e+08
5.07686e+08
5.07687e+08
5.07688e+08
5.07689e+08
5.0769e+08
5.0767e+08
5.07674e+08
5.07677e+08
5.0768e+08
5.07682e+08
5.07684e+08
5.07686e+08
5.07687e+08
5.07688e+08
5.0769e+08
5.07667e+08
5.07672e+08
5.07675e+08
5.07678e+08
5.07681e+08
5.07683e+08
5.07685e+08
5.07686e+08
5.07688e+08
5.07689e+08
5.07665e+08
5.0767e+08
5.07674e+08
5.07677e+08
5.0768e+08
5.07682e+08
5.07684e+08
5.07685e+08
5.07687e+08
5.07688e+08
5.07664e+08
5.0767e+08
5.07673e+08
5.07676e+08
5.07679e+08
5.07681e+08
5.07683e+08
5.07685e+08
5.07687e+08
5.07688e+08
5.07664e+08
5.07669e+08
5.07673e+08
5.07676e+08
5.07679e+08
5.07681e+08
5.07683e+08
5.07685e+08
5.07687e+08
5.07688e+08
5.07727e+08
5.07721e+08
5.07717e+08
5.07714e+08
5.07711e+08
5.07708e+08
5.07706e+08
5.07705e+08
5.07703e+08
5.07701e+08
5.07726e+08
5.07721e+08
5.07717e+08
5.07713e+08
5.07711e+08
5.07708e+08
5.07706e+08
5.07705e+08
5.07703e+08
5.07701e+08
5.07725e+08
5.07719e+08
5.07716e+08
5.07713e+08
5.0771e+08
5.07708e+08
5.07706e+08
5.07704e+08
5.07703e+08
5.07701e+08
5.07722e+08
5.07717e+08
5.07714e+08
5.07711e+08
5.07709e+08
5.07707e+08
5.07705e+08
5.07703e+08
5.07702e+08
5.07701e+08
5.07719e+08
5.07715e+08
5.07712e+08
5.07709e+08
5.07707e+08
5.07706e+08
5.07704e+08
5.07703e+08
5.07701e+08
5.077e+08
5.07715e+08
5.07712e+08
5.07709e+08
5.07707e+08
5.07706e+08
5.07704e+08
5.07703e+08
5.07702e+08
5.07701e+08
5.07699e+08
5.07711e+08
5.07708e+08
5.07706e+08
5.07705e+08
5.07704e+08
5.07702e+08
5.07701e+08
5.07701e+08
5.077e+08
5.07699e+08
5.07707e+08
5.07705e+08
5.07703e+08
5.07702e+08
5.07701e+08
5.07701e+08
5.077e+08
5.07699e+08
5.07699e+08
5.07698e+08
5.07702e+08
5.07701e+08
5.077e+08
5.077e+08
5.07699e+08
5.07699e+08
5.07698e+08
5.07698e+08
5.07698e+08
5.07697e+08
5.07698e+08
5.07697e+08
5.07697e+08
5.07697e+08
5.07697e+08
5.07696e+08
5.07696e+08
5.07696e+08
5.07696e+08
5.07696e+08
5.077e+08
5.07699e+08
5.07698e+08
5.07697e+08
5.07696e+08
5.07695e+08
5.07694e+08
5.07693e+08
5.07692e+08
5.07692e+08
5.07691e+08
5.0769e+08
5.07689e+08
5.07688e+08
5.07687e+08
5.07687e+08
5.07686e+08
5.07685e+08
5.07683e+08
5.07682e+08
5.077e+08
5.07699e+08
5.07698e+08
5.07697e+08
5.07696e+08
5.07695e+08
5.07694e+08
5.07693e+08
5.07693e+08
5.07692e+08
5.07691e+08
5.0769e+08
5.07689e+08
5.07688e+08
5.07688e+08
5.07687e+08
5.07686e+08
5.07685e+08
5.07684e+08
5.07682e+08
5.077e+08
5.07699e+08
5.07698e+08
5.07697e+08
5.07696e+08
5.07695e+08
5.07694e+08
5.07693e+08
5.07693e+08
5.07692e+08
5.07691e+08
5.0769e+08
5.07689e+08
5.07689e+08
5.07688e+08
5.07687e+08
5.07686e+08
5.07685e+08
5.07684e+08
5.07682e+08
5.07699e+08
5.07698e+08
5.07697e+08
5.07697e+08
5.07696e+08
5.07695e+08
5.07694e+08
5.07694e+08
5.07693e+08
5.07692e+08
5.07691e+08
5.0769e+08
5.0769e+08
5.07689e+08
5.07688e+08
5.07687e+08
5.07686e+08
5.07685e+08
5.07684e+08
5.07683e+08
5.07699e+08
5.07698e+08
5.07697e+08
5.07696e+08
5.07696e+08
5.07695e+08
5.07694e+08
5.07694e+08
5.07693e+08
5.07692e+08
5.07691e+08
5.07691e+08
5.0769e+08
5.07689e+08
5.07688e+08
5.07687e+08
5.07686e+08
5.07685e+08
5.07684e+08
5.07683e+08
5.07698e+08
5.07697e+08
5.07697e+08
5.07696e+08
5.07696e+08
5.07695e+08
5.07694e+08
5.07694e+08
5.07693e+08
5.07692e+08
5.07692e+08
5.07691e+08
5.0769e+08
5.07689e+08
5.07688e+08
5.07688e+08
5.07687e+08
5.07686e+08
5.07685e+08
5.07684e+08
5.07697e+08
5.07697e+08
5.07696e+08
5.07696e+08
5.07696e+08
5.07695e+08
5.07695e+08
5.07694e+08
5.07693e+08
5.07693e+08
5.07692e+08
5.07691e+08
5.0769e+08
5.0769e+08
5.07689e+08
5.07688e+08
5.07687e+08
5.07686e+08
5.07685e+08
5.07684e+08
5.07697e+08
5.07696e+08
5.07696e+08
5.07696e+08
5.07696e+08
5.07695e+08
5.07695e+08
5.07694e+08
5.07694e+08
5.07693e+08
5.07692e+08
5.07692e+08
5.07691e+08
5.0769e+08
5.07689e+08
5.07688e+08
5.07688e+08
5.07687e+08
5.07686e+08
5.07685e+08
5.07696e+08
5.07696e+08
5.07696e+08
5.07696e+08
5.07696e+08
5.07695e+08
5.07695e+08
5.07694e+08
5.07694e+08
5.07693e+08
5.07693e+08
5.07692e+08
5.07691e+08
5.0769e+08
5.0769e+08
5.07689e+08
5.07688e+08
5.07687e+08
5.07686e+08
5.07685e+08
5.07695e+08
5.07695e+08
5.07696e+08
5.07696e+08
5.07696e+08
5.07695e+08
5.07695e+08
5.07695e+08
5.07694e+08
5.07694e+08
5.07693e+08
5.07692e+08
5.07692e+08
5.07691e+08
5.0769e+08
5.07689e+08
5.07688e+08
5.07688e+08
5.07687e+08
5.07686e+08
5.07695e+08
5.07695e+08
5.07695e+08
5.07695e+08
5.07695e+08
5.07695e+08
5.07695e+08
5.07694e+08
5.07694e+08
5.07693e+08
5.07693e+08
5.07692e+08
5.07692e+08
5.07691e+08
5.0769e+08
5.07689e+08
5.07689e+08
5.07688e+08
5.07687e+08
5.07686e+08
5.07695e+08
5.07695e+08
5.07695e+08
5.07695e+08
5.07695e+08
5.07695e+08
5.07695e+08
5.07694e+08
5.07694e+08
5.07693e+08
5.07693e+08
5.07692e+08
5.07692e+08
5.07691e+08
5.0769e+08
5.0769e+08
5.07689e+08
5.07688e+08
5.07687e+08
5.07687e+08
5.07695e+08
5.07695e+08
5.07695e+08
5.07695e+08
5.07695e+08
5.07695e+08
5.07695e+08
5.07694e+08
5.07694e+08
5.07693e+08
5.07693e+08
5.07692e+08
5.07692e+08
5.07691e+08
5.07691e+08
5.0769e+08
5.07689e+08
5.07688e+08
5.07688e+08
5.07687e+08
5.07695e+08
5.07695e+08
5.07695e+08
5.07695e+08
5.07695e+08
5.07695e+08
5.07695e+08
5.07694e+08
5.07694e+08
5.07694e+08
5.07693e+08
5.07693e+08
5.07692e+08
5.07691e+08
5.07691e+08
5.0769e+08
5.07689e+08
5.07689e+08
5.07688e+08
5.07688e+08
5.07695e+08
5.07695e+08
5.07695e+08
5.07695e+08
5.07695e+08
5.07695e+08
5.07695e+08
5.07695e+08
5.07694e+08
5.07694e+08
5.07693e+08
5.07693e+08
5.07692e+08
5.07692e+08
5.07691e+08
5.0769e+08
5.0769e+08
5.07689e+08
5.07689e+08
5.07688e+08
5.07695e+08
5.07696e+08
5.07696e+08
5.07696e+08
5.07695e+08
5.07695e+08
5.07695e+08
5.07695e+08
5.07694e+08
5.07694e+08
5.07693e+08
5.07693e+08
5.07692e+08
5.07692e+08
5.07691e+08
5.07691e+08
5.0769e+08
5.0769e+08
5.07689e+08
5.07689e+08
5.07696e+08
5.07696e+08
5.07696e+08
5.07696e+08
5.07696e+08
5.07695e+08
5.07695e+08
5.07695e+08
5.07695e+08
5.07694e+08
5.07694e+08
5.07693e+08
5.07693e+08
5.07692e+08
5.07692e+08
5.07691e+08
5.0769e+08
5.0769e+08
5.07689e+08
5.07689e+08
5.07696e+08
5.07696e+08
5.07696e+08
5.07696e+08
5.07696e+08
5.07696e+08
5.07695e+08
5.07695e+08
5.07695e+08
5.07694e+08
5.07694e+08
5.07694e+08
5.07693e+08
5.07692e+08
5.07692e+08
5.07691e+08
5.07691e+08
5.0769e+08
5.0769e+08
5.07689e+08
5.07696e+08
5.07696e+08
5.07696e+08
5.07696e+08
5.07696e+08
5.07696e+08
5.07696e+08
5.07695e+08
5.07695e+08
5.07695e+08
5.07694e+08
5.07694e+08
5.07693e+08
5.07693e+08
5.07692e+08
5.07692e+08
5.07691e+08
5.0769e+08
5.0769e+08
5.07689e+08
5.07697e+08
5.07697e+08
5.07697e+08
5.07697e+08
5.07697e+08
5.07696e+08
5.07696e+08
5.07696e+08
5.07695e+08
5.07695e+08
5.07695e+08
5.07694e+08
5.07694e+08
5.07693e+08
5.07693e+08
5.07692e+08
5.07691e+08
5.07691e+08
5.0769e+08
5.07689e+08
5.07697e+08
5.07697e+08
5.07697e+08
5.07697e+08
5.07697e+08
5.07697e+08
5.07697e+08
5.07696e+08
5.07696e+08
5.07695e+08
5.07695e+08
5.07695e+08
5.07694e+08
5.07694e+08
5.07693e+08
5.07692e+08
5.07692e+08
5.07691e+08
5.0769e+08
5.07689e+08
5.07698e+08
5.07698e+08
5.07698e+08
5.07698e+08
5.07697e+08
5.07697e+08
5.07697e+08
5.07697e+08
5.07696e+08
5.07696e+08
5.07695e+08
5.07695e+08
5.07695e+08
5.07694e+08
5.07693e+08
5.07693e+08
5.07692e+08
5.07691e+08
5.07691e+08
5.0769e+08
5.07699e+08
5.07699e+08
5.07698e+08
5.07698e+08
5.07698e+08
5.07698e+08
5.07697e+08
5.07697e+08
5.07697e+08
5.07696e+08
5.07696e+08
5.07696e+08
5.07695e+08
5.07694e+08
5.07694e+08
5.07693e+08
5.07693e+08
5.07692e+08
5.07691e+08
5.0769e+08
5.07699e+08
5.07699e+08
5.07699e+08
5.07699e+08
5.07698e+08
5.07698e+08
5.07698e+08
5.07698e+08
5.07697e+08
5.07697e+08
5.07696e+08
5.07696e+08
5.07696e+08
5.07695e+08
5.07694e+08
5.07694e+08
5.07693e+08
5.07692e+08
5.07691e+08
5.0769e+08
5.077e+08
5.077e+08
5.077e+08
5.07699e+08
5.07699e+08
5.07699e+08
5.07698e+08
5.07698e+08
5.07698e+08
5.07697e+08
5.07697e+08
5.07697e+08
5.07696e+08
5.07696e+08
5.07695e+08
5.07694e+08
5.07694e+08
5.07693e+08
5.07692e+08
5.07691e+08
5.07701e+08
5.077e+08
5.077e+08
5.077e+08
5.077e+08
5.07699e+08
5.07699e+08
5.07699e+08
5.07698e+08
5.07698e+08
5.07698e+08
5.07697e+08
5.07697e+08
5.07696e+08
5.07696e+08
5.07695e+08
5.07694e+08
5.07694e+08
5.07693e+08
5.07692e+08
5.07701e+08
5.07701e+08
5.07701e+08
5.077e+08
5.077e+08
5.077e+08
5.07699e+08
5.07699e+08
5.07699e+08
5.07699e+08
5.07698e+08
5.07698e+08
5.07697e+08
5.07697e+08
5.07696e+08
5.07696e+08
5.07695e+08
5.07695e+08
5.07695e+08
5.07695e+08
5.07702e+08
5.07702e+08
5.07701e+08
5.07701e+08
5.07701e+08
5.077e+08
5.077e+08
5.077e+08
5.07699e+08
5.07699e+08
5.07699e+08
5.07699e+08
5.07698e+08
5.07698e+08
5.07697e+08
5.07696e+08
5.07695e+08
5.07695e+08
5.07695e+08
5.07698e+08
5.07703e+08
5.07702e+08
5.07702e+08
5.07702e+08
5.07701e+08
5.07701e+08
5.07701e+08
5.077e+08
5.077e+08
5.077e+08
5.077e+08
5.07699e+08
5.07699e+08
5.07698e+08
5.07698e+08
5.07697e+08
5.07695e+08
5.07694e+08
5.07695e+08
5.077e+08
5.07704e+08
5.07703e+08
5.07703e+08
5.07702e+08
5.07702e+08
5.07702e+08
5.07701e+08
5.07701e+08
5.07701e+08
5.07701e+08
5.07701e+08
5.077e+08
5.077e+08
5.077e+08
5.07699e+08
5.07698e+08
5.07696e+08
5.07693e+08
5.07691e+08
5.07695e+08
5.0769e+08
5.0769e+08
5.0769e+08
5.0769e+08
5.07691e+08
5.07692e+08
5.07693e+08
5.07693e+08
5.07694e+08
5.07695e+08
5.07691e+08
5.07691e+08
5.07691e+08
5.07692e+08
5.07692e+08
5.07693e+08
5.07693e+08
5.07694e+08
5.07694e+08
5.07695e+08
5.07692e+08
5.07692e+08
5.07692e+08
5.07692e+08
5.07693e+08
5.07693e+08
5.07694e+08
5.07694e+08
5.07694e+08
5.07695e+08
5.07693e+08
5.07693e+08
5.07693e+08
5.07693e+08
5.07693e+08
5.07694e+08
5.07694e+08
5.07694e+08
5.07694e+08
5.07695e+08
5.07694e+08
5.07694e+08
5.07694e+08
5.07694e+08
5.07694e+08
5.07694e+08
5.07694e+08
5.07694e+08
5.07694e+08
5.07695e+08
5.07695e+08
5.07695e+08
5.07695e+08
5.07695e+08
5.07695e+08
5.07695e+08
5.07695e+08
5.07695e+08
5.07695e+08
5.07695e+08
5.07696e+08
5.07696e+08
5.07696e+08
5.07696e+08
5.07696e+08
5.07696e+08
5.07695e+08
5.07695e+08
5.07695e+08
5.07695e+08
5.07697e+08
5.07697e+08
5.07696e+08
5.07696e+08
5.07696e+08
5.07696e+08
5.07696e+08
5.07696e+08
5.07696e+08
5.07696e+08
5.07697e+08
5.07697e+08
5.07697e+08
5.07697e+08
5.07697e+08
5.07697e+08
5.07697e+08
5.07696e+08
5.07696e+08
5.07696e+08
5.07698e+08
5.07698e+08
5.07698e+08
5.07698e+08
5.07698e+08
5.07698e+08
5.07697e+08
5.07697e+08
5.07697e+08
5.07697e+08
5.07699e+08
5.07699e+08
5.07699e+08
5.07699e+08
5.07699e+08
5.07698e+08
5.07698e+08
5.07698e+08
5.07697e+08
5.07697e+08
5.077e+08
5.077e+08
5.077e+08
5.077e+08
5.07699e+08
5.07699e+08
5.07699e+08
5.07699e+08
5.07698e+08
5.07698e+08
5.07701e+08
5.07701e+08
5.07701e+08
5.07701e+08
5.077e+08
5.077e+08
5.077e+08
5.07699e+08
5.07699e+08
5.07699e+08
5.07702e+08
5.07702e+08
5.07702e+08
5.07701e+08
5.07701e+08
5.07701e+08
5.07701e+08
5.077e+08
5.077e+08
5.07699e+08
5.07703e+08
5.07703e+08
5.07703e+08
5.07702e+08
5.07702e+08
5.07702e+08
5.07701e+08
5.07701e+08
5.07701e+08
5.077e+08
5.07704e+08
5.07704e+08
5.07703e+08
5.07703e+08
5.07703e+08
5.07703e+08
5.07702e+08
5.07702e+08
5.07701e+08
5.07701e+08
5.07705e+08
5.07705e+08
5.07704e+08
5.07704e+08
5.07704e+08
5.07704e+08
5.07703e+08
5.07703e+08
5.07702e+08
5.07702e+08
5.07706e+08
5.07706e+08
5.07705e+08
5.07705e+08
5.07705e+08
5.07705e+08
5.07704e+08
5.07704e+08
5.07703e+08
5.07703e+08
5.07707e+08
5.07707e+08
5.07707e+08
5.07706e+08
5.07706e+08
5.07706e+08
5.07705e+08
5.07705e+08
5.07704e+08
5.07703e+08
5.07708e+08
5.07708e+08
5.07708e+08
5.07708e+08
5.07707e+08
5.07707e+08
5.07706e+08
5.07706e+08
5.07705e+08
5.07705e+08
)
;

boundaryField
{
    left
    {
        type            symmetryPlane;
    }
    right
    {
        type            calculated;
        value           nonuniform List<scalar> 
30
(
5.07683e+08
5.07682e+08
5.07683e+08
5.07683e+08
5.07683e+08
5.07684e+08
5.07684e+08
5.07685e+08
5.07685e+08
5.07686e+08
5.07686e+08
5.07687e+08
5.07687e+08
5.07688e+08
5.07688e+08
5.07689e+08
5.07689e+08
5.07689e+08
5.07689e+08
5.07689e+08
5.0769e+08
5.0769e+08
5.0769e+08
5.0769e+08
5.07691e+08
5.07692e+08
5.07694e+08
5.07696e+08
5.07698e+08
5.07697e+08
)
;
    }
    down
    {
        type            symmetryPlane;
    }
    up
    {
        type            calculated;
        value           nonuniform List<scalar> 
30
(
5.07708e+08
5.07708e+08
5.07708e+08
5.07708e+08
5.07707e+08
5.07707e+08
5.07706e+08
5.07706e+08
5.07705e+08
5.07705e+08
5.07704e+08
5.07703e+08
5.07703e+08
5.07702e+08
5.07702e+08
5.07702e+08
5.07701e+08
5.07701e+08
5.07701e+08
5.07701e+08
5.077e+08
5.077e+08
5.077e+08
5.077e+08
5.07699e+08
5.07698e+08
5.07696e+08
5.07694e+08
5.07692e+08
5.07693e+08
)
;
    }
    hole
    {
        type            calculated;
        value           nonuniform List<scalar> 
20
(
5.07693e+08
5.07688e+08
5.07683e+08
5.07679e+08
5.07675e+08
5.07671e+08
5.07668e+08
5.07667e+08
5.07666e+08
5.07665e+08
5.07725e+08
5.07724e+08
5.07723e+08
5.0772e+08
5.07718e+08
5.07714e+08
5.0771e+08
5.07706e+08
5.07702e+08
5.07697e+08
)
;
    }
    frontAndBack
    {
        type            empty;
    }
}


// ************************************************************************* //
