/*--------------------------------*- C++ -*----------------------------------*\
  =========                 |
  \\      /  F ield         | OpenFOAM: The Open Source CFD Toolbox
   \\    /   O peration     | Website:  https://openfoam.org
    \\  /    A nd           | Version:  dev
     \\/     M anipulation  |
\*---------------------------------------------------------------------------*/
FoamFile
{
    version     2.0;
    format      ascii;
    class       volSymmTensorField;
    location    "80";
    object      sigma;
}
// * * * * * * * * * * * * * * * * * * * * * * * * * * * * * * * * * * * * * //

dimensions      [1 -1 -2 0 0 0 0];

internalField   nonuniform List<symmTensor> 
1000
(
(-2388.97 -920.407 6.37561e-10 3211.92 6.88895e-10 -5.07692e+08)
(-13680.4 -2205.88 4.3254e-09 15598.2 4.67766e-09 -5.07692e+08)
(-21282.4 -3142.93 -3.49049e-09 25307.5 -6.41713e-09 -5.07691e+08)
(-25608.7 -3779.11 -2.57996e-09 30791.7 -2.79046e-09 -5.07691e+08)
(-27614.5 -4182.19 5.92703e-09 33519.6 1.09671e-08 -5.07691e+08)
(-28183 -4439.68 3.00558e-09 34453.4 3.25103e-09 -5.07691e+08)
(-27842.8 -4614.89 -2.26452e-09 34265.3 5.55924e-09 -5.07691e+08)
(-26969.9 -4673.25 -4.89281e-10 33261.1 -6.19282e-09 -5.07691e+08)
(-26050.7 -4674.96 -6.83758e-09 31644.1 -3.82456e-09 -5.07691e+08)
(-24270.8 -4155.81 0 30430.3 0 -5.07691e+08)
(-13909.2 7012.51 -3.31617e-09 -4108.62 2.68991e-09 -5.07696e+08)
(-22948.9 773.788 0 8949.03 0 -5.07696e+08)
(-28791.4 -3568.15 2.72942e-09 18581.5 -2.33216e-09 -5.07695e+08)
(-31334.5 -6195.31 -5.05494e-09 24524.3 4.31911e-09 -5.07694e+08)
(-32105.4 -7779.66 -2.50382e-09 27726.1 1.81987e-09 -5.07693e+08)
(-31744.4 -8697.63 4.91619e-09 29266 1.56191e-09 -5.07693e+08)
(-30871 -9211.54 2.08645e-09 29569.9 -1.74413e-09 -5.07693e+08)
(-29637.8 -9366.65 2.05718e-09 29184.7 -7.74021e-09 -5.07692e+08)
(-28233.3 -9110.23 0 28355.6 0 -5.07692e+08)
(-26244.4 -8105.94 0 28452.6 0 -5.07692e+08)
(-27653.8 13881.2 0 -9341.4 0 -5.07701e+08)
(-32336.6 3096.16 0 2967.88 0 -5.07699e+08)
(-35217.7 -4076.48 3.0606e-09 12049.9 -1.8764e-09 -5.07698e+08)
(-35818.5 -8393.55 2.12862e-09 17731.9 3.18512e-09 -5.07696e+08)
(-35129.2 -10871.3 3.26649e-11 21173.5 4.88796e-11 -5.07696e+08)
(-33786.9 -12214 -4.8024e-09 23114.2 -1.97866e-09 -5.07695e+08)
(-32157.5 -12818.3 -3.89172e-10 24013.9 -5.47485e-09 -5.07694e+08)
(-30349.8 -12843.6 -2.1963e-09 24286.1 1.32638e-09 -5.07694e+08)
(-28398.4 -12363.6 2.79483e-09 24187.4 4.18243e-09 -5.07693e+08)
(-26014.1 -11323.7 7.09083e-10 24917.2 2.63702e-09 -5.07693e+08)
(-42545.1 19166 -1.65615e-09 -11982.3 1.41155e-09 -5.07705e+08)
(-41670.9 4889.54 -1.60188e-09 -1897.75 -2.85943e-09 -5.07702e+08)
(-41024.4 -4491.23 -1.64695e-09 5412.55 7.29935e-10 -5.07701e+08)
(-39171.9 -9939.1 1.78211e-09 10544.1 3.1816e-09 -5.07699e+08)
(-36861.2 -13005.3 4.6462e-09 13944.6 1.96603e-09 -5.07698e+08)
(-34381.3 -14562.9 -2.55885e-09 16209.5 1.35265e-09 -5.07697e+08)
(-31935.8 -15178.5 -2.3336e-09 17569.6 1.39621e-09 -5.07696e+08)
(-29480.3 -15107.6 -5.6064e-09 18377.7 3.10266e-09 -5.07695e+08)
(-26946.3 -14534.2 -3.53896e-09 18883.8 -3.83788e-09 -5.07694e+08)
(-24150.6 -13595.6 2.67247e-09 19999.3 1.62001e-09 -5.07693e+08)
(-57940.2 22179.3 -2.14756e-09 -12804.9 4.40851e-10 -5.07709e+08)
(-50564.7 6012.51 3.85441e-11 -6004.57 8.35814e-11 -5.07705e+08)
(-45779.3 -4493.1 -4.83613e-09 -731.437 2.36191e-09 -5.07703e+08)
(-41416.7 -10575.5 -7.63479e-10 3364.9 -1.65582e-09 -5.07701e+08)
(-37427.7 -13906.4 1.7199e-09 6518.97 3.73023e-09 -5.07699e+08)
(-33830.3 -15559.1 4.4337e-09 8886.92 2.70566e-09 -5.07698e+08)
(-30555.9 -16156.5 1.06522e-09 10609.7 2.31043e-09 -5.07697e+08)
(-27463.5 -16046.3 1.33946e-09 11880.2 -3.21627e-09 -5.07696e+08)
(-24440.6 -15489.7 -6.46201e-09 12834.9 -1.11206e-08 -5.07695e+08)
(-21325.5 -14693 -1.81489e-09 14208.7 6.81569e-10 -5.07694e+08)
(-72414.7 22734.1 -4.05243e-09 -11922.9 1.35056e-09 -5.07712e+08)
(-58509 6410.63 3.1866e-11 -8952.31 8.63486e-11 -5.07708e+08)
(-49656.9 -4158.54 -3.18758e-11 -6321.24 -8.63826e-11 -5.07705e+08)
(-42733.8 -10187.5 -6.31193e-10 -3350.56 -1.71062e-09 -5.07703e+08)
(-37150.2 -13476.8 -2.94362e-09 -628.579 9.56866e-10 -5.07701e+08)
(-32487.1 -15085.8 -7.87054e-11 1754.14 -2.13317e-10 -5.07699e+08)
(-28475.5 -15666.6 2.51315e-09 3698.32 -1.04133e-09 -5.07698e+08)
(-24848.9 -15581.3 6.84842e-09 5294.09 5.06333e-11 -5.07697e+08)
(-21421.3 -15093.9 1.12188e-09 6637.3 -4.61512e-10 -5.07696e+08)
(-18064.9 -14452.9 -3.04523e-09 8199.7 -1.6083e-09 -5.07695e+08)
(-84743.7 20657.5 1.66375e-09 -10206.8 -1.96296e-09 -5.07714e+08)
(-64871.4 6121.85 -8.14957e-10 -11018.2 -2.8887e-09 -5.0771e+08)
(-52405.7 -3356.83 1.72029e-09 -10797.4 -5.07833e-10 -5.07707e+08)
(-43316.8 -8796.8 5.45023e-10 -9100.64 1.93216e-09 -5.07704e+08)
(-36352.8 -11748.4 4.1407e-09 -6891.9 3.28708e-09 -5.07702e+08)
(-30797.9 -13204.9 -3.94411e-09 -4645.15 -3.32462e-09 -5.077e+08)
(-26163.2 -13741.9 -2.48062e-09 -2575.67 -8.79477e-09 -5.07699e+08)
(-22102.3 -13702.8 -2.49868e-09 -727.212 5.82591e-10 -5.07698e+08)
(-18383.6 -13333.3 1.33967e-09 888.477 4.7497e-09 -5.07696e+08)
(-14858.9 -12862.3 -7.75518e-10 2576.03 3.00331e-09 -5.07695e+08)
(-93929.9 16431.3 6.26321e-09 -8127.61 -1.33639e-09 -5.07716e+08)
(-69463.3 5204.32 -3.85343e-09 -12072.6 6.10642e-10 -5.07711e+08)
(-54143.6 -2249.21 -2.75031e-11 -14031.3 -1.38237e-10 -5.07708e+08)
(-43378.3 -6557.17 -7.47501e-10 -13490.4 -3.75728e-09 -5.07705e+08)
(-35365.8 -8918.29 6.8567e-09 -11833.1 2.7638e-09 -5.07703e+08)
(-29120.1 -10088.8 7.83526e-10 -9768.31 3.93861e-09 -5.07701e+08)
(-24023.9 -10548.1 3.59626e-11 -7666.97 1.80778e-10 -5.077e+08)
(-19652 -10557.4 -2.00904e-09 -5677.28 3.03717e-09 -5.07698e+08)
(-15724.6 -10319.3 -4.72134e-10 -3848.95 -2.37337e-09 -5.07697e+08)
(-12087.7 -10017.6 -2.29274e-10 -2072.42 -2.66113e-09 -5.07696e+08)
(-99398.5 10595.3 4.37074e-09 -6272.85 6.06325e-10 -5.07717e+08)
(-72197.2 3880.29 -3.6824e-09 -12310.9 2.05516e-09 -5.07712e+08)
(-55102.1 -832.042 -3.90455e-10 -15911.6 -3.29818e-09 -5.07709e+08)
(-43210.2 -3633.59 -6.64703e-10 -16317 -5.61507e-09 -5.07706e+08)
(-34498.7 -5180.77 5.04525e-10 -15162.6 4.26213e-09 -5.07704e+08)
(-27798.4 -5969.95 3.3588e-09 -13308.6 3.76063e-09 -5.07702e+08)
(-22391.5 -6289.65 -5.26242e-10 -11222.6 -4.44576e-09 -5.077e+08)
(-17819.1 -6334.64 5.09044e-09 -9134.56 -6.0269e-10 -5.07699e+08)
(-13766.5 -6219.24 1.19826e-09 -7167.75 -1.89831e-10 -5.07697e+08)
(-10075.8 -6082.83 1.58303e-09 -5344.26 8.10056e-09 -5.07696e+08)
(-100933 3862.89 4.39598e-09 -5076.94 1.88506e-09 -5.07717e+08)
(-73537.8 2424.06 1.14258e-10 -12181 2.90718e-09 -5.07712e+08)
(-55298.9 1012.68 1.65704e-09 -16586.5 -3.50834e-09 -5.07709e+08)
(-42668.9 75.5125 -1.50428e-10 -17538.4 -3.82797e-09 -5.07706e+08)
(-33509.9 -468.733 7.23475e-12 -16654.3 1.84111e-10 -5.07704e+08)
(-26549 -776.227 3.05167e-09 -14916.5 3.96962e-09 -5.07702e+08)
(-20967.8 -924.461 -1.83013e-10 -12836.2 -4.65752e-09 -5.077e+08)
(-16296.4 -988.445 2.5643e-09 -10710 -1.7062e-11 -5.07699e+08)
(-12188.9 -993.584 1.97505e-10 -8670.44 5.0264e-09 -5.07697e+08)
(-8492.11 -997.468 4.96747e-11 -6753.85 2.76553e-09 -5.07696e+08)
(6949.52 -4560.7 1.35699e-09 121597 4.36378e-09 -5.07663e+08)
(16835.8 -2927.34 2.99906e-09 91223.6 1.17795e-10 -5.07667e+08)
(21652.4 -1400.81 -1.82457e-09 70484.3 1.72355e-09 -5.07671e+08)
(23211.8 -368.558 0 56270.4 0 -5.07674e+08)
(22874.8 241.777 -4.10457e-09 46093.5 -1.61246e-10 -5.07676e+08)
(21599.5 592.507 -4.30262e-11 38465.4 2.89423e-09 -5.07678e+08)
(19911.3 776.034 4.47346e-09 32474.8 1.75745e-10 -5.0768e+08)
(18091.6 860.706 2.26586e-09 27529.5 2.65413e-09 -5.07682e+08)
(16296 887.124 2.60843e-09 23283 -1.11078e-09 -5.07683e+08)
(14577.5 895.082 2.70903e-10 19509.1 -3.44253e-09 -5.07684e+08)
(8044.76 -12656.7 8.1525e-11 118491 4.30982e-09 -5.07663e+08)
(16500.3 -5381.04 1.84112e-09 89054.7 -1.74546e-09 -5.07668e+08)
(20653.6 -380.528 -1.90558e-09 69955.5 1.58087e-09 -5.07671e+08)
(21729.1 2595.19 -1.81075e-09 56712.8 -2.14277e-10 -5.07674e+08)
(21208.1 4301.28 0 47078.9 0 -5.07677e+08)
(19879.3 5216.25 -2.27091e-10 39751.9 2.887e-09 -5.07679e+08)
(18210.6 5634.99 4.62893e-09 33920.3 5.47816e-10 -5.0768e+08)
(16454.5 5752.97 1.69393e-11 29072.4 2.00414e-12 -5.07682e+08)
(14732.7 5693.4 -1.02687e-08 24857.5 -1.21528e-09 -5.07683e+08)
(13069.4 5574.89 1.60948e-10 21072.8 -1.49515e-09 -5.07684e+08)
(10025.6 -19670 -4.45469e-10 110957 2.08844e-09 -5.07664e+08)
(15888.2 -8113.56 1.91236e-09 84979.5 -1.60759e-09 -5.07669e+08)
(18342.3 -275.425 3.28624e-10 68158.3 -1.7636e-09 -5.07672e+08)
(18662 4426.55 -1.78836e-09 56414.4 -3.55662e-10 -5.07675e+08)
(17736.7 7090.06 0 47690.2 0 -5.07677e+08)
(16280.1 8519.98 -6.75831e-10 40937.9 2.81594e-09 -5.07679e+08)
(14632.8 9176.8 -9.52354e-10 35468.4 3.96805e-09 -5.07681e+08)
(12979.8 9352.23 2.82267e-09 30851.8 -2.05192e-09 -5.07682e+08)
(11389.7 9236.86 3.01832e-12 26779.3 6.00083e-13 -5.07683e+08)
(9779.04 9007 -2.96258e-09 23057.5 1.75616e-09 -5.07685e+08)
(12158.8 -24944 7.6412e-10 99451.1 -4.2213e-09 -5.07667e+08)
(14600.6 -10496 -1.48867e-09 78801.1 -4.19709e-10 -5.07671e+08)
(15176 -534.433 4.1889e-10 65391.9 -1.74565e-09 -5.07674e+08)
(14373.6 5402.97 0 55649 0 -5.07676e+08)
(12970.6 8819.75 2.99729e-09 48224.7 4.05894e-09 -5.07678e+08)
(11351.4 10666.6 6.37131e-09 42305.5 1.79669e-09 -5.0768e+08)
(9746.98 11533 -4.26657e-09 37394.3 -1.20318e-09 -5.07681e+08)
(8234.29 11772.2 -6.86278e-09 33149.3 -1.93533e-09 -5.07683e+08)
(6818.3 11619.3 2.8313e-10 29323.2 -1.17976e-09 -5.07684e+08)
(5270.04 11290.6 7.11215e-10 25730 -2.1895e-09 -5.07685e+08)
(14467.7 -27948.1 -1.13174e-09 85639.7 4.13375e-09 -5.07669e+08)
(12943.1 -12238.4 2.15593e-09 70850.7 2.87311e-09 -5.07673e+08)
(11058.7 -1217.14 -6.8675e-10 61358.8 1.65863e-09 -5.07676e+08)
(9203.74 5559.83 3.59427e-09 54219.9 1.32575e-09 -5.07678e+08)
(7275.54 9473.47 5.51577e-11 48411 2.03454e-11 -5.07679e+08)
(5515.16 11619.7 -3.04607e-09 43554 -4.20788e-09 -5.07681e+08)
(3982.16 12651.3 2.19784e-10 39362.8 -1.36764e-09 -5.07682e+08)
(2648.73 12953.9 0 35624.2 0 -5.07683e+08)
(1457.57 12782.9 -5.35664e-09 32153.9 -6.83835e-10 -5.07685e+08)
(-11.6433 12360.3 2.81124e-10 28757 -1.02249e-09 -5.07686e+08)
(15876.6 -28265.7 -3.4534e-09 69239.3 5.46158e-09 -5.07673e+08)
(10868.8 -13173.2 -2.67031e-09 61036 -1.23062e-09 -5.07676e+08)
(6693.53 -1946.41 -2.30066e-09 56162.9 9.14781e-10 -5.07678e+08)
(3543.55 4982.18 -1.65594e-09 51889.9 -7.63259e-10 -5.0768e+08)
(1103.58 9076.66 1.18417e-09 47954 -2.86002e-09 -5.07681e+08)
(-780.961 11363.5 2.66747e-09 44330.9 4.41585e-09 -5.07682e+08)
(-2189.92 12509.6 2.6593e-11 41003 1.2258e-11 -5.07683e+08)
(-3289.02 12878.1 -3.23904e-09 37895.9 1.32924e-09 -5.07684e+08)
(-4208.75 12706.4 2.79491e-12 34888.5 1.28822e-12 -5.07685e+08)
(-5565.09 12190.1 -1.12141e-09 31767.5 2.57283e-09 -5.07686e+08)
(16525 -26161.9 -9.58378e-10 53367.8 -5.3635e-10 -5.07676e+08)
(8420.5 -12630.3 -5.3355e-11 50683.5 -2.98703e-11 -5.07679e+08)
(2144.03 -2553.31 -8.03409e-11 49955.7 -4.4982e-11 -5.0768e+08)
(-2173.98 3904.39 -3.32754e-09 48680.8 1.94414e-09 -5.07682e+08)
(-5113.3 7763.84 3.58408e-09 46683.1 2.00689e-09 -5.07683e+08)
(-7059.79 9992.93 -1.4751e-09 44358.2 2.49041e-09 -5.07684e+08)
(-8294.29 11170.3 2.81662e-09 41952.3 -4.65386e-09 -5.07685e+08)
(-9099.05 11601.1 1.48832e-11 39548.3 8.33406e-12 -5.07685e+08)
(-9671.66 11459.3 -1.56343e-09 37110.8 -2.26495e-09 -5.07686e+08)
(-10864.8 10842.2 -8.72521e-10 34330.8 1.70096e-09 -5.07687e+08)
(15659.1 -22102.8 2.85107e-09 38423.4 -5.79769e-09 -5.0768e+08)
(5250.1 -11061.2 -2.44497e-09 40268.6 -1.63314e-09 -5.07682e+08)
(-2734.16 -2786.69 1.47773e-09 43625.1 9.87145e-10 -5.07683e+08)
(-7854.03 2514.71 -1.45229e-09 44941.7 -9.70208e-10 -5.07684e+08)
(-11115.6 5711.08 1.53211e-10 44660.4 1.02357e-10 -5.07685e+08)
(-13019.6 7619.02 -2.09717e-09 43479.4 -4.88112e-09 -5.07685e+08)
(-13965.6 8717.1 -3.74685e-09 41920.8 -2.50332e-09 -5.07686e+08)
(-14361.5 9214.88 3.78512e-09 40204.7 2.52892e-09 -5.07686e+08)
(-14489.2 9149.39 2.16799e-09 38319.2 1.4485e-09 -5.07687e+08)
(-15424.5 8449.39 2.88283e-09 35887.9 5.42848e-10 -5.07688e+08)
(12164.2 -15944.7 4.63269e-09 24564.7 -4.50427e-09 -5.07684e+08)
(493.047 -8457.74 4.8632e-09 31092.8 1.35043e-09 -5.07685e+08)
(-8318.89 -2800.95 -7.23159e-11 37429.6 -5.69952e-11 -5.07686e+08)
(-13765.1 779.662 5.21549e-10 40768.4 -3.81868e-09 -5.07686e+08)
(-16975.4 2962.8 2.00986e-09 41825.8 -2.35413e-09 -5.07687e+08)
(-18582.9 4295.52 1.70173e-09 41576.7 -2.34309e-09 -5.07687e+08)
(-19079.3 5173.81 3.82841e-09 40680.9 3.01778e-09 -5.07687e+08)
(-18931.9 5681.16 -2.48494e-09 39453.1 2.93667e-09 -5.07688e+08)
(-18449.8 5815.43 -2.37494e-09 37942.5 -4.95945e-09 -5.07688e+08)
(-18751.8 5287.35 6.76439e-10 35949.3 -9.31318e-10 -5.07688e+08)
(6454.22 -8836.07 8.68102e-11 12948.4 8.01529e-11 -5.07688e+08)
(-5621.04 -5442.63 1.20356e-09 22791.1 1.1122e-09 -5.07688e+08)
(-14437.9 -2986.52 -1.33666e-09 31406.3 1.20709e-09 -5.07688e+08)
(-19690 -1421.89 5.48082e-10 36131.7 -8.54022e-09 -5.07689e+08)
(-22496 -483.472 -4.31725e-11 38197.5 -3.99025e-11 -5.07689e+08)
(-23642.7 108.153 -2.18261e-09 38604.8 1.92293e-09 -5.07689e+08)
(-23625.9 536.256 3.18965e-09 38143.1 6.64984e-09 -5.07689e+08)
(-22962 853.111 -1.17122e-09 37033.3 6.62553e-10 -5.07689e+08)
(-21636.3 1261.38 -5.54554e-09 35959.1 -5.12587e-09 -5.07689e+08)
(-20678.7 1488.1 6.47476e-09 34122.4 4.47886e-09 -5.07689e+08)
(13052.9 824.105 5.58734e-09 16076.8 -1.14902e-09 -5.07686e+08)
(11730.9 708.929 1.84824e-10 12812.4 -2.26727e-09 -5.07687e+08)
(10619.2 633.629 -8.1071e-09 9824.42 -1.10781e-09 -5.07688e+08)
(9654.94 561.284 -2.71813e-09 7030.27 1.05221e-11 -5.07688e+08)
(8833.71 485.796 -2.1536e-10 4361.3 3.45422e-09 -5.07689e+08)
(8146.76 408.213 0 1737.54 0 -5.0769e+08)
(7591.19 330.657 0 -881.02 0 -5.07691e+08)
(7158.64 254.671 2.65377e-09 -3545.17 -1.0273e-11 -5.07691e+08)
(6839.74 180.535 6.46761e-11 -6272.7 -1.17561e-09 -5.07692e+08)
(6628.99 108.68 5.24336e-09 -9099.14 -2.02987e-11 -5.07693e+08)
(6516.07 37.3506 1.67857e-10 -12032 -3.56359e-09 -5.07694e+08)
(6503.39 -32.0715 -6.98178e-11 -15101 1.1941e-09 -5.07694e+08)
(6584.33 -103.87 1.40544e-10 -18308.1 -3.60068e-09 -5.07695e+08)
(6777.09 -179.889 -7.74179e-09 -21688.7 2.99759e-11 -5.07696e+08)
(7087.48 -263.471 2.52955e-09 -25253.7 1.20275e-09 -5.07696e+08)
(7527.61 -351.516 9.14267e-12 -29048.8 -3.54044e-14 -5.07697e+08)
(8087.47 -450.635 -2.53955e-09 -33095 9.83493e-12 -5.07698e+08)
(8670.83 -525.578 2.51677e-09 -37461.5 -9.74716e-12 -5.07699e+08)
(9263.33 -487.813 -4.97317e-09 -41999.3 -3.69419e-09 -5.077e+08)
(9619.81 -146.076 -2.50794e-09 -46351 2.53013e-09 -5.07701e+08)
(11650.3 5169.68 8.38328e-09 17476.8 -8.53504e-10 -5.07686e+08)
(10527.2 4613.57 1.75664e-10 14030.6 -2.25721e-09 -5.07687e+08)
(9652.98 4210.48 -2.63461e-09 10928.1 -1.10412e-09 -5.07688e+08)
(8879.05 3834.86 8.37385e-09 8043.39 -2.39554e-09 -5.07688e+08)
(8209.4 3470.36 1.0559e-10 5280.53 1.12357e-09 -5.07689e+08)
(7649.34 3120.37 -8.15024e-09 2580.79 1.25661e-09 -5.0769e+08)
(7194.91 2789 2.58125e-10 -116.454 -2.34581e-09 -5.07691e+08)
(6846.98 2478.44 0 -2838.9 0 -5.07691e+08)
(6594.74 2186.87 5.53265e-11 -5627.08 -1.17305e-09 -5.07692e+08)
(6439.42 1912.84 2.07002e-10 -8493.2 -2.38627e-09 -5.07693e+08)
(6368.85 1651.17 2.92133e-09 -11469.4 -5.98709e-09 -5.07693e+08)
(6391.46 1398.15 5.26314e-11 -14560.9 -1.36966e-11 -5.07694e+08)
(6500.2 1143.84 -2.5377e-09 -17799.8 -2.35606e-09 -5.07695e+08)
(6710.86 888.389 2.55182e-09 -21192.1 -2.88482e-11 -5.07696e+08)
(7032.86 612.987 2.57641e-09 -24777.5 -4.15114e-11 -5.07696e+08)
(7482.43 318.927 -2.52542e-09 -28572.4 2.85533e-11 -5.07697e+08)
(8031.98 6.13563 -2.52125e-09 -32634.7 2.85083e-11 -5.07698e+08)
(8596.49 -277.133 -4.99884e-09 -37012.5 5.65264e-11 -5.07699e+08)
(9157.06 -435.233 -4.16444e-11 -41707.2 2.90123e-11 -5.077e+08)
(9527.09 -170.498 1.6558e-09 -46692.6 3.65491e-09 -5.07701e+08)
(8506.69 8352.59 2.69711e-09 19318 -4.80797e-11 -5.07686e+08)
(7753.83 7524.99 2.67348e-10 15679.5 -1.14388e-09 -5.07687e+08)
(7367.25 6935.91 -8.01067e-09 12478.1 1.42779e-10 -5.07688e+08)
(6999.04 6371.4 2.23238e-09 9485.25 1.1513e-09 -5.07689e+08)
(6668.77 5810.94 8.23135e-09 6609.32 -2.44362e-09 -5.07689e+08)
(6390.82 5264.41 -8.0016e-09 3798.19 1.29884e-09 -5.0769e+08)
(6169.87 4741.37 -2.77757e-09 998.266 8.92971e-11 -5.07691e+08)
(6013.38 4246.84 5.20774e-09 -1816.27 -9.28135e-11 -5.07691e+08)
(5918.22 3780.02 -4.81569e-09 -4683.25 -2.3153e-09 -5.07692e+08)
(5889.98 3338.22 -5.26172e-09 -7615.75 1.36981e-10 -5.07693e+08)
(5923.5 2914.66 5.00399e-09 -10645.2 -4.55597e-11 -5.07693e+08)
(6028 2503.7 7.59123e-09 -13779.8 -1.13472e-10 -5.07694e+08)
(6203.65 2093.61 4.96926e-11 -17051.2 -2.25427e-11 -5.07695e+08)
(6470.8 1671.36 -2.52266e-09 -20469 4.49693e-11 -5.07696e+08)
(6836.44 1225.22 2.47119e-09 -24073.4 -2.34033e-11 -5.07696e+08)
(7314.37 748.654 8.65138e-12 -27886 -1.54251e-13 -5.07697e+08)
(7894.82 233.707 -2.48551e-09 -31968.4 4.43162e-11 -5.07698e+08)
(8494.55 -257.78 2.42512e-09 -36377.9 1.2198e-09 -5.07699e+08)
(9090.01 -579.735 2.36492e-09 -41117.9 6.25239e-09 -5.077e+08)
(9515.71 -251.508 9.18626e-13 -46080.5 -1.40293e-11 -5.07701e+08)
(4160.35 10459.2 0 21826.7 0 -5.07686e+08)
(3885.56 9521.41 2.51909e-10 17978.5 -1.12822e-09 -5.07687e+08)
(4144.55 8894.47 2.61251e-09 14680.4 -5.98054e-11 -5.07688e+08)
(4327.8 8266.01 2.87111e-09 11561.6 -1.34853e-10 -5.07689e+08)
(4467.25 7615.17 0 8540.77 0 -5.07689e+08)
(4584.98 6960.51 -2.27912e-09 5579.44 -1.13709e-09 -5.0769e+08)
(4694.13 6318.8 -2.95317e-09 2637.36 2.41317e-09 -5.07691e+08)
(4810.19 5700.5 -5.07077e-09 -307.218 1.16065e-10 -5.07691e+08)
(4939.62 5107.76 -3.85614e-10 -3286.33 1.28942e-09 -5.07692e+08)
(5094.95 4539.16 4.72305e-09 -6315.09 2.29429e-09 -5.07693e+08)
(5278.67 3988.6 2.20684e-09 -9422.7 2.37005e-09 -5.07693e+08)
(5506.89 3446.98 4.15392e-10 -12621.7 -2.53957e-09 -5.07694e+08)
(5786.08 2901.68 -2.04569e-09 -15943.6 -3.6972e-09 -5.07695e+08)
(6134.51 2339.92 2.3193e-09 -19404.4 1.21287e-09 -5.07695e+08)
(6572.1 1740.26 2.36886e-09 -23042.7 1.19002e-09 -5.07696e+08)
(7117.93 1087.67 -2.43638e-09 -26887 5.57867e-11 -5.07697e+08)
(7754.22 381.857 -7.6342e-12 -30998.4 1.74824e-13 -5.07698e+08)
(8409.91 -306.332 7.21664e-09 -35430.7 1.10152e-09 -5.07699e+08)
(9054.87 -781.181 -2.34429e-09 -40166.8 -1.28602e-09 -5.07699e+08)
(9516.84 -345.945 -2.41635e-09 -45047.4 2.89549e-09 -5.07701e+08)
(-975.184 11417.7 4.94995e-09 24698.8 2.01231e-09 -5.07687e+08)
(-718.263 10538.3 -4.43316e-10 20695.9 1.15494e-09 -5.07688e+08)
(271.986 10030.6 -5.51452e-09 17351.2 1.30346e-09 -5.07688e+08)
(1094.71 9475.01 2.61654e-09 14125.3 -1.15742e-09 -5.07689e+08)
(1787.21 8853.57 6.22977e-09 10957.2 -3.73621e-09 -5.07689e+08)
(2375.91 8193.23 -2.59358e-09 7829.57 1.00803e-10 -5.0769e+08)
(2881.42 7518.91 0 4723.86 0 -5.07691e+08)
(3327.05 6847.8 2.46212e-09 1624.59 -6.41436e-11 -5.07691e+08)
(3730.1 6187.43 -6.83992e-10 -1490.64 3.64809e-09 -5.07692e+08)
(4111.05 5539.81 -2.72542e-09 -4639.77 1.33139e-09 -5.07692e+08)
(4482.98 4900.65 -4.33357e-09 -7847.06 -2.43123e-09 -5.07693e+08)
(4865.29 4262.68 -4.76783e-09 -11131.8 -1.04048e-09 -5.07694e+08)
(5273.27 3611.68 6.48864e-09 -14521.7 3.78768e-09 -5.07694e+08)
(5734.72 2927.78 7.05296e-09 -18041.1 1.07957e-09 -5.07695e+08)
(6267.86 2191.25 1.52227e-10 -21727.6 -1.31375e-09 -5.07696e+08)
(6891.45 1383.58 -2.24455e-09 -25617.2 -1.25821e-09 -5.07697e+08)
(7609.7 493.314 1.89123e-10 -29760.1 -2.65004e-09 -5.07697e+08)
(8339.51 -385.828 7.59516e-11 -34206.2 -1.32926e-09 -5.07698e+08)
(9034.16 -994.271 4.75003e-09 -38912.3 -2.70109e-09 -5.07699e+08)
(9524.8 -439.244 2.34635e-09 -43684.1 9.49959e-10 -5.077e+08)
(-6426.22 11193.3 2.77873e-09 27609.5 4.98281e-10 -5.07687e+08)
(-5652.14 10533.2 1.12597e-10 23587.6 -3.04987e-11 -5.07688e+08)
(-3928.27 10294.3 -2.8812e-09 20290.9 1.21238e-09 -5.07689e+08)
(-2442.65 9948.8 -8.15292e-09 17013.7 2.52456e-09 -5.07689e+08)
(-1168.92 9479.94 2.5701e-09 13721.3 -1.1647e-09 -5.07689e+08)
(-78.1316 8922.42 4.96503e-09 10437.9 -1.73763e-10 -5.0769e+08)
(852.513 8306.15 -2.40862e-09 7163.25 6.49591e-11 -5.0769e+08)
(1656.77 7658 1.97227e-09 3902.24 1.20986e-09 -5.07691e+08)
(2359.79 6991.28 3.50446e-09 634.226 -3.93436e-09 -5.07692e+08)
(2992.99 6315.51 -6.97368e-09 -2648.79 1.40799e-10 -5.07692e+08)
(3575.56 5629.93 -2.50194e-09 -5976.13 1.63592e-10 -5.07693e+08)
(4137.22 4929.31 1.11888e-08 -9360.68 2.24877e-09 -5.07694e+08)
(4696.69 4199.79 1.32601e-09 -12838.6 6.40145e-09 -5.07694e+08)
(5283.03 3423.06 -6.93561e-09 -16429.3 1.87093e-10 -5.07695e+08)
(5924.51 2570.2 -2.1539e-09 -20178.1 -1.25089e-09 -5.07696e+08)
(6650.85 1616.5 -4.92335e-09 -24112.8 2.90082e-09 -5.07696e+08)
(7445.82 555.725 -5.62615e-11 -28295.6 8.39173e-11 -5.07697e+08)
(8247.55 -503.207 6.92641e-09 -32743.1 -1.52056e-09 -5.07698e+08)
(8997.8 -1233.9 2.24026e-09 -37419 1.27917e-09 -5.07699e+08)
(9532.61 -541.156 9.36368e-12 -42022 -2.69022e-09 -5.077e+08)
(-11700.2 9822.96 -2.73983e-09 30174.8 -5.79217e-10 -5.07688e+08)
(-10493.8 9515.3 2.27453e-09 26356.1 -2.72362e-11 -5.07689e+08)
(-8125.28 9668.66 6.56893e-10 23235.7 -1.18753e-09 -5.07689e+08)
(-6028.44 9655.79 -2.37765e-09 19994.9 6.04399e-11 -5.07689e+08)
(-4209.01 9454.44 -9.39751e-10 16628.6 2.38626e-09 -5.07689e+08)
(-2635.87 9101.9 4.47084e-10 13231 -1.21427e-09 -5.0769e+08)
(-1292.4 8629.55 3.3413e-09 9804.2 -2.63131e-09 -5.0769e+08)
(-128.864 8076.53 -5.92127e-09 6398.05 3.98686e-09 -5.07691e+08)
(877.69 7461.92 -3.4881e-09 2975.31 2.88662e-09 -5.07691e+08)
(1775.71 6807.11 5.72199e-09 -438.427 -4.10227e-09 -5.07692e+08)
(2581.77 6114.55 -6.28511e-10 -3896.98 2.61356e-09 -5.07693e+08)
(3339.3 5387.26 6.6901e-09 -7384.01 -1.70041e-10 -5.07693e+08)
(4062.6 4610.33 2.87095e-09 -10963.5 -2.8459e-09 -5.07694e+08)
(4799 3764.22 -6.39097e-09 -14625.6 -1.23617e-09 -5.07695e+08)
(5557.7 2818.76 3.72428e-09 -18445.8 4.13101e-09 -5.07695e+08)
(6374.25 1744.32 1.13082e-10 -22417.8 -1.58993e-10 -5.07696e+08)
(7235.92 523.583 -6.86219e-09 -26620.8 2.91964e-09 -5.07697e+08)
(8100.11 -710.04 2.20197e-09 -31041.1 -5.60049e-11 -5.07698e+08)
(8864.69 -1548.12 2.26561e-09 -35678.8 -1.48213e-09 -5.07698e+08)
(9501.57 -660.195 6.77195e-12 -40059.3 -1.42334e-09 -5.07699e+08)
(-16282.8 7448.26 1.41685e-10 32003.4 -3.09479e-11 -5.07689e+08)
(-14802.7 7589.89 -2.16791e-09 28642.2 1.31291e-11 -5.07689e+08)
(-11947.6 8247.13 -1.69759e-09 25946 -1.10106e-09 -5.07689e+08)
(-9397.61 8657.96 0 22802.3 0 -5.07689e+08)
(-7121.3 8835.83 0 19528.8 0 -5.07689e+08)
(-5164.82 8765.36 -5.08403e-09 16027 1.38235e-09 -5.0769e+08)
(-3441.88 8524.06 6.31431e-09 12563.7 -2.2223e-11 -5.0769e+08)
(-1969.04 8122.28 1.17839e-08 8983.42 -1.70368e-09 -5.07691e+08)
(-654.993 7622.86 -1.03255e-08 5488.24 -9.27687e-11 -5.07691e+08)
(485.428 7028.55 -7.21226e-09 1891.06 1.66907e-09 -5.07692e+08)
(1537.63 6374.47 4.30428e-09 -1631.85 -9.15558e-11 -5.07692e+08)
(2483.07 5648.95 1.7118e-09 -5287.73 1.3925e-09 -5.07693e+08)
(3405.23 4857.23 9.94803e-10 -8907.25 -4.22615e-09 -5.07694e+08)
(4276.12 3970.42 5.13424e-09 -12716.5 -4.4247e-09 -5.07694e+08)
(5181.6 2961.23 1.51043e-10 -16535.1 -1.93788e-10 -5.07695e+08)
(6072.11 1793.78 -5.3395e-09 -20604.2 -7.101e-09 -5.07696e+08)
(7009.27 448.444 0 -24715.5 0 -5.07696e+08)
(7854.25 -941.619 -2.4502e-10 -29145.7 2.97507e-09 -5.07697e+08)
(8660.53 -1862.73 6.24846e-11 -33506.1 -1.43808e-09 -5.07698e+08)
(9404.57 -745.144 2.26591e-11 -38101.1 -4.39555e-09 -5.07699e+08)
(-19548.3 4388.71 -1.57559e-10 32747.4 3.11253e-11 -5.07689e+08)
(-17881.2 5148 7.40847e-10 30481.3 -1.11188e-09 -5.07689e+08)
(-14887.3 6326.31 -8.69776e-10 28257.3 1.19094e-09 -5.07689e+08)
(-12120 7239.81 -8.41088e-10 25528.4 1.23255e-09 -5.07689e+08)
(-9637.31 7828.04 3.74756e-09 22332.4 -2.57755e-09 -5.07689e+08)
(-7420.81 8123.93 1.70795e-09 18958.3 -2.68566e-09 -5.0769e+08)
(-5457.42 8157.52 -3.32891e-09 15380.2 2.60319e-09 -5.0769e+08)
(-3712.82 7985.26 -3.10934e-09 11792 -2.50665e-09 -5.0769e+08)
(-2167.51 7642.97 1.46488e-09 8102.39 3.33135e-10 -5.07691e+08)
(-777.49 7171.64 3.24126e-09 4455.67 2.6152e-09 -5.07691e+08)
(472.886 6589.53 -1.65417e-09 718.226 4.43381e-09 -5.07692e+08)
(1634.18 5912.21 9.32069e-11 -2983.93 -7.82016e-11 -5.07693e+08)
(2713.91 5133.03 -5.69161e-09 -6813.18 -1.3557e-09 -5.07693e+08)
(3766.91 4238.76 -1.33926e-10 -10638 1.52816e-10 -5.07694e+08)
(4779.78 3200.64 5.0633e-10 -14643.3 -2.87615e-09 -5.07695e+08)
(5793.88 1988.31 -8.21883e-11 -18659.1 1.39832e-10 -5.07695e+08)
(6745.75 565.954 7.87285e-09 -22864.8 1.44062e-09 -5.07696e+08)
(7641.36 -898.539 -1.08421e-10 -26973.6 1.43816e-09 -5.07697e+08)
(8570.81 -1952.85 -8.21427e-09 -31411.1 1.66818e-09 -5.07698e+08)
(9418.68 -837.542 -1.36607e-09 -36225.9 1.75762e-09 -5.07698e+08)
(-21389.6 992.01 2.62641e-11 31324.8 3.94837e-10 -5.0769e+08)
(-19555.7 2548.3 -6.46424e-10 30351.8 1.51549e-09 -5.0769e+08)
(-16810.9 4157.92 1.86298e-09 28919.8 -4.10073e-10 -5.0769e+08)
(-14134.8 5506.93 -6.40696e-09 26806.1 -3.46536e-10 -5.07689e+08)
(-11624.3 6529.11 -5.65478e-09 24073.5 7.47794e-10 -5.07689e+08)
(-9279.14 7228.77 4.76669e-09 20973.3 9.89104e-10 -5.0769e+08)
(-7147.68 7616.67 5.52727e-09 17549.6 1.59767e-09 -5.0769e+08)
(-5198.29 7739.56 5.65807e-09 13995.6 -3.25833e-10 -5.0769e+08)
(-3456.4 7633.78 -3.8634e-09 10285.4 1.96417e-09 -5.07691e+08)
(-1864.06 7341.31 1.61295e-10 6555.74 2.57103e-10 -5.07691e+08)
(-436.383 6892.04 -5.66601e-10 2725.24 -7.19803e-10 -5.07692e+08)
(899.004 6300.59 -5.59046e-09 -1098.25 2.54972e-10 -5.07692e+08)
(2124.74 5577.95 0 -5031.84 0 -5.07693e+08)
(3318.52 4703.17 9.24367e-10 -8970.74 4.77911e-09 -5.07694e+08)
(4445.39 3669.39 -1.21155e-10 -13048.8 -1.94205e-10 -5.07694e+08)
(5553.35 2443.93 -6.82551e-10 -17124.1 4.85969e-09 -5.07695e+08)
(6555.59 1048.27 1.84172e-09 -21278.9 -1.97732e-10 -5.07696e+08)
(7597.97 -516.597 2.31844e-10 -25271.1 -3.32185e-09 -5.07696e+08)
(8610.22 -1833.58 -3.18479e-11 -29560.7 -1.9289e-10 -5.07697e+08)
(9410.67 -800.037 -2.14893e-11 -34316 2.91849e-09 -5.07698e+08)
(-19510.8 -556.71 2.46936e-09 30122.5 8.66845e-11 -5.0769e+08)
(-18164.5 1081.51 -6.72169e-10 28798.4 1.68479e-09 -5.0769e+08)
(-16650.5 2494.66 -1.12528e-09 27507.7 6.8042e-11 -5.0769e+08)
(-14690.3 3825.73 5.99159e-10 25646.2 -1.70105e-09 -5.0769e+08)
(-12540.1 4991.77 6.37488e-10 23345.9 5.17555e-09 -5.0769e+08)
(-10393.6 5895.14 1.87502e-10 20513.5 3.37357e-09 -5.0769e+08)
(-8302.04 6531.83 -2.24826e-09 17434.3 1.71502e-09 -5.0769e+08)
(-6350.55 6894.4 -1.31231e-09 14038 -1.71649e-09 -5.07691e+08)
(-4516.79 7018.78 2.99505e-09 10563.7 -5.15063e-09 -5.07691e+08)
(-2844.88 6924.55 -3.73577e-10 6894.18 -4.5843e-11 -5.07691e+08)
(-1276.46 6642.21 1.00739e-09 3226.99 -3.37718e-09 -5.07692e+08)
(158.383 6185.46 -2.98465e-10 -597.942 -5.27274e-11 -5.07692e+08)
(1536.44 5559.02 0 -4395.57 0 -5.07693e+08)
(2824.37 4758.22 -2.24463e-10 -8355.98 1.69602e-09 -5.07694e+08)
(4095.42 3767.18 1.88236e-10 -12280.7 -1.68761e-09 -5.07694e+08)
(5274.17 2597.67 -1.52741e-10 -16366.6 -8.35065e-11 -5.07695e+08)
(6420.48 1239.88 -1.64388e-09 -20278.5 -1.66666e-09 -5.07696e+08)
(7435.2 -285.546 8.34241e-11 -24207.7 1.06803e-10 -5.07696e+08)
(8637.14 -1711.02 4.99018e-11 -28052 1.2025e-10 -5.07697e+08)
(9521 -837.641 5.73937e-12 -32310.2 1.34758e-10 -5.07698e+08)
(-18048.3 -1678.12 1.68452e-09 29058.1 -6.72527e-10 -5.0769e+08)
(-16274.4 -54.0446 0 27292.4 0 -5.0769e+08)
(-14937.4 1311 -1.76135e-09 25946.4 1.45811e-13 -5.0769e+08)
(-13402.8 2567.86 2.9723e-23 24315.1 -6.05284e-24 -5.0769e+08)
(-11693.8 3709.7 -3.11789e-24 22231.1 -1.21247e-23 -5.0769e+08)
(-9894.82 4668.86 1.25251e-23 19717 -2.34685e-23 -5.0769e+08)
(-8084.26 5401.19 2.44428e-23 16850.6 -1.21025e-23 -5.0769e+08)
(-6313.75 5892.71 -1.76138e-09 13721.9 1.29928e-13 -5.07691e+08)
(-4616.78 6149.15 0 10396.8 0 -5.07691e+08)
(-3004.56 6185.7 1.7614e-09 6933.16 -1.29415e-13 -5.07691e+08)
(-1479.08 6017.91 -1.81873e-23 3359.83 -6.84315e-24 -5.07692e+08)
(-28.5821 5657.02 -1.76141e-09 -295.63 1.33395e-13 -5.07692e+08)
(1358.98 5106.59 1.76142e-09 -4027.48 -1.3713e-13 -5.07693e+08)
(2702.87 4358.35 1.21234e-23 -7818.87 -1.21012e-23 -5.07693e+08)
(4008.94 3407.57 -1.76143e-09 -11672.9 1.4849e-13 -5.07694e+08)
(5252.54 2289.37 -1.21005e-23 -15565.8 1.96622e-25 -5.07695e+08)
(6394.59 1035.48 1.76144e-09 -19411 -1.64281e-13 -5.07695e+08)
(7576.76 -458.635 1.76145e-09 -23037.9 -1.74211e-13 -5.07696e+08)
(8682.05 -1889.09 -1.21013e-23 -26645.7 -6.4518e-24 -5.07696e+08)
(9512.44 -887.33 -4.03377e-24 -30262.5 -6.45182e-24 -5.07697e+08)
(-16436.9 -2775.36 1.76149e-09 27540.8 1.76134e-09 -5.0769e+08)
(-14699.2 -1135.68 1.46782e-13 25999.6 1.76149e-09 -5.0769e+08)
(-13350.7 200.654 -1.7612e-09 24605.2 1.76164e-09 -5.0769e+08)
(-11975.5 1385.81 0 23007.8 0 -5.0769e+08)
(-10501.6 2473.79 1.76153e-09 21081.9 1.76133e-09 -5.0769e+08)
(-8947.84 3426.9 1.76171e-09 18786.1 3.52279e-09 -5.0769e+08)
(-7350.65 4200.55 -1.76121e-09 16167.5 1.7616e-09 -5.0769e+08)
(-5755.59 4765.44 -1.76104e-09 13275.9 3.52304e-09 -5.07691e+08)
(-4190.48 5112.49 1.76139e-09 10178.2 -1.39183e-13 -5.07691e+08)
(-2676.49 5243.04 3.52352e-13 6913.21 3.52286e-09 -5.07691e+08)
(-1216.11 5163.4 1.77279e-13 3525.18 1.76142e-09 -5.07692e+08)
(190.676 4878.26 3.56085e-13 30.291 3.52282e-09 -5.07692e+08)
(1555.93 4388.17 3.57071e-13 -3544.62 3.5228e-09 -5.07693e+08)
(2888.31 3685.62 1.78806e-13 -7193.39 1.76139e-09 -5.07693e+08)
(4194.11 2771.8 3.57782e-13 -10895 3.52276e-09 -5.07694e+08)
(5451.82 1696.16 3.57632e-13 -14634.1 3.52274e-09 -5.07694e+08)
(6637.05 506.909 -1.76144e-09 -18316.3 1.75089e-13 -5.07695e+08)
(7690.07 -877.987 1.78271e-13 -21845.2 1.76135e-09 -5.07696e+08)
(8813.9 -2238.5 1.7771e-13 -25130.5 1.76134e-09 -5.07696e+08)
(9648.61 -1005.7 5.86993e-14 -28188.7 1.76133e-09 -5.07697e+08)
(-14471.6 -3939.03 6.80327e-09 25461.8 -2.39809e-09 -5.0769e+08)
(-12984.2 -2276.17 -1.43343e-13 24358 -1.76149e-09 -5.0769e+08)
(-11683.3 -919.66 -3.52257e-09 23104 1.76179e-09 -5.0769e+08)
(-10399.6 245.588 5.94459e-23 21603.4 -1.81564e-23 -5.0769e+08)
(-9081.51 1296.33 3.5229e-09 19812.1 1.76117e-09 -5.0769e+08)
(-7712.99 2230.71 0 17710.9 0 -5.0769e+08)
(-6306.43 3014.52 -1.70002e-13 15311.7 -1.76146e-09 -5.0769e+08)
(-4884.51 3617.46 -3.52278e-09 12655.7 2.96885e-13 -5.07691e+08)
(-3471.21 4020.13 7.27437e-23 9783.15 -2.42073e-23 -5.07691e+08)
(-2081.29 4214.84 3.5228e-09 6737.9 -2.99103e-13 -5.07691e+08)
(-722.993 4198.35 1.80634e-13 3549.31 1.76142e-09 -5.07692e+08)
(605.021 3969.83 -1.21004e-23 246.707 -5.85607e-25 -5.07692e+08)
(1907.23 3526.32 -7.26025e-23 -3153.39 6.53589e-27 -5.07693e+08)
(3193.52 2859.05 -1.83708e-13 -6627.95 -1.76139e-09 -5.07693e+08)
(4465.14 1971.82 -3.63015e-23 -10165 3.5118e-27 -5.07694e+08)
(5694.85 935.226 -3.52288e-09 -13735.8 3.55409e-13 -5.07694e+08)
(6833.43 -178.193 2.34659e-23 -17268.1 -1.21025e-23 -5.07695e+08)
(7974.02 -1493.49 3.52308e-09 -20594.5 1.76096e-09 -5.07695e+08)
(8938.46 -2710.07 1.83194e-13 -23697.7 1.76134e-09 -5.07696e+08)
(9629.35 -1115.95 6.05588e-14 -26378.8 1.76133e-09 -5.07696e+08)
(-12108.1 -4998.92 -2.63212e-13 23182.1 -3.52297e-09 -5.0769e+08)
(-10862.6 -3357.61 1.76123e-09 22496.9 -1.76164e-09 -5.0769e+08)
(-9738.66 -1994.27 -2.93131e-13 21464.7 -3.52295e-09 -5.0769e+08)
(-8592.17 -828.964 1.17336e-23 20118 6.04933e-24 -5.0769e+08)
(-7421.52 209.294 1.76106e-09 18482 -3.52309e-09 -5.0769e+08)
(-6219.07 1132.13 -1.76155e-09 16561.6 -1.7613e-09 -5.0769e+08)
(-4988.03 1918.43 -1.76156e-09 14370.5 -1.7613e-09 -5.0769e+08)
(-3739.78 2540.62 -3.48429e-13 11935.3 -3.52289e-09 -5.0769e+08)
(-2488.6 2976.9 1.7614e-09 9288.53 -1.57221e-13 -5.07691e+08)
(-1245.66 3213.17 1.76122e-09 6463.09 -1.76159e-09 -5.07691e+08)
(-16.8568 3240.04 -3.66814e-13 3487.68 -3.52284e-09 -5.07692e+08)
(1197.79 3051.14 -1.7616e-09 386.554 -1.76125e-09 -5.07692e+08)
(2402.74 2640.35 -1.76179e-09 -2820.2 -3.52264e-09 -5.07692e+08)
(3604.42 1997.79 -1.87855e-13 -6112.9 -1.76139e-09 -5.07693e+08)
(4802.41 1131.42 1.76105e-09 -9473.58 -3.52295e-09 -5.07693e+08)
(5980.33 121.542 -1.88743e-13 -12871.3 -1.76137e-09 -5.07694e+08)
(7105.77 -941.368 3.91119e-25 -16233 -4.33472e-29 -5.07694e+08)
(8073.24 -2139.67 1.76107e-09 -19459.3 -3.52291e-09 -5.07695e+08)
(9046.42 -3203.34 -3.75556e-13 -22372.1 -3.52269e-09 -5.07695e+08)
(9739.27 -1254.77 -1.2422e-13 -24824.7 -3.52267e-09 -5.07696e+08)
(-9336.43 -5840.3 4.99485e-11 20886.8 2.28623e-09 -5.0769e+08)
(-8403.68 -4281.9 1.35528e-13 20521.2 1.76147e-09 -5.0769e+08)
(-7478.7 -2937.57 -1.76138e-09 19723.1 1.64144e-13 -5.07689e+08)
(-6506.37 -1775.74 0 18566.1 0 -5.0769e+08)
(-5502.86 -742.164 1.76138e-09 17105.5 -1.63335e-13 -5.0769e+08)
(-4472.44 175.565 1.76122e-09 15369.3 -1.76162e-09 -5.0769e+08)
(-3418.99 962.724 -1.76122e-09 13378.2 1.76161e-09 -5.0769e+08)
(-2349.16 1595.35 -1.7614e-09 11156.4 1.64006e-13 -5.0769e+08)
(-1271.6 2051.54 1.7614e-09 8729.39 -1.65161e-13 -5.07691e+08)
(-193.405 2314.17 -1.8307e-13 6124.4 -1.76143e-09 -5.07691e+08)
(881.69 2369.53 6.07177e-24 3365.4 -2.38585e-23 -5.07691e+08)
(1954.66 2207.27 -1.8857e-13 474.127 -1.76141e-09 -5.07692e+08)
(3029.22 1818.25 0 -2531.51 0 -5.07692e+08)
(4111.69 1190.94 1.91812e-13 -5633.05 1.76139e-09 -5.07693e+08)
(5203.52 335.322 0 -8813 0 -5.07693e+08)
(6278.93 -652.535 -1.9306e-13 -12045.7 -1.76137e-09 -5.07694e+08)
(7289.94 -1660.92 -1.76144e-09 -15270.2 2.04576e-13 -5.07694e+08)
(8309.14 -2790.5 6.04898e-24 -18342.5 -1.21248e-23 -5.07695e+08)
(9123.34 -3682.56 -1.32229e-27 -21199.2 -1.2124e-23 -5.07695e+08)
(9677.37 -1361.74 -2.01722e-24 -23620.9 -1.21233e-23 -5.07696e+08)
(-6275.47 -6423.61 1.71475e-09 18639.4 -4.8724e-10 -5.07689e+08)
(-5576.91 -4963.73 -1.32574e-13 18530.7 -1.76147e-09 -5.07689e+08)
(-4892.85 -3675.91 -1.76138e-09 17934.6 1.6714e-13 -5.07689e+08)
(-4132.05 -2538.43 3.05048e-23 16968.4 -1.8154e-23 -5.07689e+08)
(-3322.52 -1516.98 -1.79805e-23 15692 -1.77943e-23 -5.07689e+08)
(-2481.2 -605.902 -1.64516e-13 14143.6 -1.76145e-09 -5.0769e+08)
(-1616.12 179.787 -1.7079e-13 12350.9 -1.76145e-09 -5.0769e+08)
(-734.301 817.364 -1.7614e-09 10337.7 1.70712e-13 -5.0769e+08)
(158.045 1285.08 0 8126.94 0 -5.0769e+08)
(1056.08 1564.23 1.76122e-09 5741.03 -1.7616e-09 -5.07691e+08)
(1957.99 1638.46 -4.24103e-23 3200.6 1.21288e-23 -5.07691e+08)
(2864.97 1494.01 -1.76161e-09 523.709 -1.76123e-09 -5.07692e+08)
(3781.16 1118.91 1.76142e-09 -2274.17 -1.86532e-13 -5.07692e+08)
(4712.5 500.217 -1.95968e-13 -5178.47 -1.76139e-09 -5.07692e+08)
(5659.7 -349.958 -1.76143e-09 -8175.58 1.99479e-13 -5.07693e+08)
(6613.09 -1328.99 -1.97581e-13 -11242.8 -1.76138e-09 -5.07693e+08)
(7548.35 -2309.43 1.76144e-09 -14326.2 -2.13649e-13 -5.07694e+08)
(8347.06 -3346.41 1.76145e-09 -17357.8 -2.205e-13 -5.07694e+08)
(9175.21 -4108.1 1.35384e-27 -20172.2 1.2124e-23 -5.07695e+08)
(9758.49 -1482.45 -4.03311e-24 -22639.6 1.21254e-23 -5.07695e+08)
(-2951.21 -6720.23 -1.20473e-13 16514.9 -1.76146e-09 -5.07689e+08)
(-2499.89 -5382.56 -1.30828e-13 16571.1 -1.76146e-09 -5.07689e+08)
(-2043.93 -4173.9 -1.40508e-13 16138.8 -1.76146e-09 -5.07689e+08)
(-1500.44 -3080.89 0 15348.7 0 -5.07689e+08)
(-900.02 -2084.98 -1.57728e-13 14253.3 -1.76145e-09 -5.07689e+08)
(-261.75 -1187.9 0 12892.6 0 -5.07689e+08)
(403.061 -408.696 -1.72136e-13 11296.7 -1.76144e-09 -5.0769e+08)
(1086.64 228.8 0 9489.75 0 -5.0769e+08)
(1783.25 702.149 0 7492.6 0 -5.0769e+08)
(2489.17 991.602 0 5324.73 0 -5.07691e+08)
(3202.82 1078.84 -1.92534e-13 3003.42 -1.76142e-09 -5.07691e+08)
(3924.95 947.532 0 543.763 0 -5.07691e+08)
(4659.03 583.087 0 -2041.74 0 -5.07692e+08)
(5411.16 -30.4888 -2.0059e-13 -4742.72 -1.76139e-09 -5.07692e+08)
(6186.42 -882.074 0 -7551.41 0 -5.07693e+08)
(6969.42 -1858.61 0 -10460.1 0 -5.07693e+08)
(7726.29 -2816.99 0 -13438.5 0 -5.07694e+08)
(8543.87 -3830.08 -2.02406e-13 -16383.7 -1.76136e-09 -5.07694e+08)
(9205.6 -4480.95 -2.01786e-13 -19269.1 -1.76135e-09 -5.07695e+08)
(9664.21 -1567.31 -6.68619e-14 -21924.2 -1.76135e-09 -5.07695e+08)
(533.673 -6743.03 -1.71662e-09 14519.8 2.17301e-09 -5.07689e+08)
(802.758 -5533.52 0 14686.4 0 -5.07689e+08)
(1024.72 -4419.11 1.40539e-13 14372.5 1.76145e-09 -5.07689e+08)
(1349.51 -3387.58 0 13732.4 0 -5.07689e+08)
(1735.1 -2429.77 1.58782e-13 12805.1 1.76144e-09 -5.07689e+08)
(2162.42 -1555.85 1.66858e-13 11626.2 1.76144e-09 -5.07689e+08)
(2618.68 -789.664 0 10223.8 0 -5.07689e+08)
(3096.37 -157.783 0 8620.47 0 -5.0769e+08)
(3589.97 316.111 0 6834.77 0 -5.0769e+08)
(4095.86 611.266 1.92031e-13 4883 1.76142e-09 -5.0769e+08)
(4611.43 707.994 1.96546e-13 2779.62 1.76142e-09 -5.07691e+08)
(5135.92 588.267 2.00356e-13 537.288 1.76141e-09 -5.07691e+08)
(5670.75 234.597 0 -1833.63 0 -5.07691e+08)
(6220.14 -372.591 0 -4326.44 0 -5.07692e+08)
(6789.92 -1225.01 0 -6941.6 0 -5.07692e+08)
(7385.53 -2211.66 2.08401e-13 -9682.53 1.76138e-09 -5.07693e+08)
(8005.45 -3182.56 0 -12537 0 -5.07693e+08)
(8549.47 -4168.98 2.08317e-13 -15494.5 1.76136e-09 -5.07694e+08)
(9221.91 -4781.08 2.07696e-13 -18448.1 1.76135e-09 -5.07694e+08)
(9730.43 -1667.19 6.88214e-14 -21315.1 1.76135e-09 -5.07695e+08)
(4160.24 -6532.37 -5.19245e-09 12666.2 7.47652e-10 -5.07688e+08)
(4219.58 -5448.01 1.31297e-13 12877.7 1.76144e-09 -5.07688e+08)
(4250.92 -4425.02 5.67158e-24 12652.2 5.67067e-24 -5.07688e+08)
(4372.01 -3460.35 1.17344e-23 12137.6 1.20994e-23 -5.07688e+08)
(4548.08 -2548.39 1.76141e-09 11362.7 -1.78467e-13 -5.07689e+08)
(4763.34 -1705.2 -1.76125e-09 10356.1 1.76162e-09 -5.07689e+08)
(5008.23 -958.645 -1.76124e-09 9141.78 1.76162e-09 -5.07689e+08)
(5276.67 -338.171 0 7738.41 0 -5.07689e+08)
(5564.27 130.958 1.76142e-09 6161.14 -1.89637e-13 -5.0769e+08)
(5867.01 427.136 1.76162e-09 4422.38 1.76123e-09 -5.0769e+08)
(6181.31 530.314 -6.05162e-24 2533.46 -1.21238e-23 -5.0769e+08)
(6503.32 421.862 -1.76122e-09 504.96 1.76161e-09 -5.07691e+08)
(6829.9 82.7751 -1.76143e-09 -1653.46 2.08386e-13 -5.07691e+08)
(7161.99 -511.569 2.1178e-13 -3936.45 1.7614e-09 -5.07692e+08)
(7507.18 -1360.65 1.76144e-09 -6348.62 -2.23273e-13 -5.07692e+08)
(7864.39 -2355.59 2.15076e-13 -8913.19 1.76138e-09 -5.07693e+08)
(8230 -3345.05 3.89638e-25 -11654.4 -1.21002e-23 -5.07693e+08)
(8743.96 -4391.87 1.76145e-09 -14543.7 -2.45732e-13 -5.07694e+08)
(9216.17 -5016.56 -1.50064e-27 -17647.5 -1.23196e-23 -5.07694e+08)
(9605.49 -1730.99 -2.01679e-24 -20853.8 -3.90322e-25 -5.07695e+08)
(7865.35 -6129.61 1.76142e-09 10926 -1.64739e-13 -5.07688e+08)
(7774.21 -5146.47 -1.19188e-23 11160.4 -2.42481e-23 -5.07688e+08)
(7615.37 -4209.25 -1.76142e-09 10992.4 1.733e-13 -5.07688e+08)
(7536.03 -3310.57 0 10579.4 0 -5.07688e+08)
(7506.72 -2448.04 1.76142e-09 9939.94 -1.8071e-13 -5.07688e+08)
(7512.67 -1640.68 1.76142e-09 9094.8 -1.8395e-13 -5.07688e+08)
(7547.8 -919.374 -1.76143e-09 8061.27 1.87101e-13 -5.07689e+08)
(7608.35 -316.103 -1.76143e-09 6853.6 1.90369e-13 -5.07689e+08)
(7691.07 142.352 1.76143e-09 5481.02 -1.93938e-13 -5.07689e+08)
(7792.93 433.69 -2.40509e-23 3951.55 2.42035e-23 -5.0769e+08)
(7908.95 538.602 -3.88321e-25 2271.12 2.38579e-23 -5.0769e+08)
(8032.7 439.835 1.19305e-23 448.221 1.20989e-23 -5.0769e+08)
(8154.42 118.962 -1.47723e-27 -1508.19 -1.21003e-23 -5.07691e+08)
(8266.73 -451.023 3.65544e-23 -3588.63 -2.46444e-23 -5.07691e+08)
(8368.21 -1278.67 -1.21262e-23 -5797.44 -1.20986e-23 -5.07692e+08)
(8473.02 -2273.04 1.21254e-23 -8161.22 6.04844e-24 -5.07692e+08)
(8616.18 -3302.15 -1.76144e-09 -10727.4 2.4645e-13 -5.07693e+08)
(8758.84 -4408.08 1.53803e-27 -13588.6 1.21242e-23 -5.07693e+08)
(9212.31 -5139.49 -1.20991e-23 -16784.2 1.21259e-23 -5.07694e+08)
(9658.29 -1806.11 5.07787e-28 -20370.1 1.2124e-23 -5.07695e+08)
(11675.5 -5552.22 -5.17877e-09 9306.94 5.97407e-10 -5.07687e+08)
(11407.7 -4651.91 -6.04885e-24 9522.75 1.81875e-23 -5.07687e+08)
(11074.8 -3790.58 -1.94543e-25 9395.06 1.21246e-23 -5.07688e+08)
(10806.2 -2953.48 1.25157e-23 9066.07 -1.26707e-27 -5.07688e+08)
(10578.5 -2141.07 1.76143e-09 8548.04 -1.82411e-13 -5.07688e+08)
(10381.5 -1372.26 -1.76143e-09 7852.78 1.86168e-13 -5.07688e+08)
(10212.7 -680.532 -1.76143e-09 6993.21 1.89799e-13 -5.07688e+08)
(10070.1 -99.416 0 5975.48 0 -5.07689e+08)
(9953.11 342.034 1.76143e-09 4804.81 -1.9753e-13 -5.07689e+08)
(9859.4 621.248 1.76144e-09 3480.08 -2.01982e-13 -5.07689e+08)
(9785.84 719.513 1.43583e-27 2002.02 1.19289e-23 -5.0769e+08)
(9723.69 623.878 -1.76144e-09 371.276 2.12768e-13 -5.0769e+08)
(9658.6 321.212 -1.76144e-09 -1401.88 2.19347e-13 -5.0769e+08)
(9570.69 -212.92 1.21006e-23 -3302.51 -1.55906e-27 -5.07691e+08)
(9445.16 -993.296 1.76144e-09 -5317.31 -2.35642e-13 -5.07691e+08)
(9263.83 -1947.14 -3.91119e-25 -7469.9 5.43514e-29 -5.07692e+08)
(9053.17 -2973.94 3.91119e-25 -9819.32 -5.62751e-29 -5.07692e+08)
(9064.54 -4205.55 1.76145e-09 -12479.5 -2.62374e-13 -5.07693e+08)
(9209.2 -5131.28 -1.2099e-23 -15794.9 1.2126e-23 -5.07694e+08)
(9500.58 -1832.01 5.30127e-28 -19842.5 1.21241e-23 -5.07695e+08)
(15544.1 -4806.88 5.83794e-11 7777.9 2.61333e-10 -5.07687e+08)
(15131 -3977.59 1.41022e-13 7969.24 1.76142e-09 -5.07687e+08)
(14609.1 -3180.71 -1.76144e-09 7863.41 1.74037e-13 -5.07687e+08)
(14153.3 -2400.84 0 7603.6 0 -5.07687e+08)
(13733 -1636.82 1.76144e-09 7194.07 -1.83608e-13 -5.07687e+08)
(13341.8 -907.511 1.76126e-09 6638.38 -1.76161e-09 -5.07688e+08)
(12978.1 -247.364 -1.76125e-09 5944.82 1.76161e-09 -5.07688e+08)
(12641.2 308.44 -1.76104e-09 5112.11 3.52303e-09 -5.07688e+08)
(12332.2 728.321 1.76144e-09 4141.01 -2.00429e-13 -5.07689e+08)
(12050.9 987.626 -2.12164e-13 3019.71 -1.76141e-09 -5.07689e+08)
(11798.1 1067.98 -3.94122e-25 1740.65 -2.42488e-23 -5.07689e+08)
(11568.7 961.209 -2.2362e-13 290.349 -1.7614e-09 -5.0769e+08)
(11346.9 664.474 4.57007e-13 -1325.67 3.5228e-09 -5.0769e+08)
(11104.2 167.964 2.32941e-13 -3089.92 1.76139e-09 -5.0769e+08)
(10790.7 -536.564 4.73965e-13 -4960.74 3.52278e-09 -5.07691e+08)
(10368 -1391.18 -2.40534e-13 -6909.89 -1.76138e-09 -5.07692e+08)
(9868.39 -2362.99 -1.76145e-09 -8958.76 2.5966e-13 -5.07692e+08)
(9343.24 -3658.07 0 -11349.2 0 -5.07693e+08)
(9343.61 -4846.7 -1.21006e-23 -14493.3 1.91253e-27 -5.07693e+08)
(9573.06 -1817.73 0 -19014.2 0 -5.07694e+08)
(19488.4 -3907.57 1.69606e-09 6329.96 -2.24775e-10 -5.07686e+08)
(18872 -3132.19 -1.46453e-13 6477.47 -1.76141e-09 -5.07686e+08)
(18180.8 -2385.07 -1.76145e-09 6388.23 1.74007e-13 -5.07687e+08)
(17544.7 -1656.1 1.17348e-23 6193.35 1.20992e-23 -5.07687e+08)
(16940.4 -936.25 8.40969e-24 5878.84 5.86581e-24 -5.07687e+08)
(16368 -245.852 -1.87192e-13 5457.24 -1.76141e-09 -5.07687e+08)
(15821.9 384.298 3.5227e-09 4916.99 -1.7618e-09 -5.07688e+08)
(15304.9 914.945 -1.76145e-09 4268.56 1.9782e-13 -5.07688e+08)
(14813.2 1313.29 -3.5229e-09 3490.81 4.05283e-13 -5.07688e+08)
(14353.3 1548.01 1.76123e-09 2580.41 -1.76161e-09 -5.07688e+08)
(13927.1 1599.3 2.87519e-26 1498.31 3.63733e-23 -5.07689e+08)
(13543.6 1459.41 1.76122e-09 230.111 -1.76162e-09 -5.07689e+08)
(13194.3 1138.54 1.76145e-09 -1258.39 -2.27997e-13 -5.0769e+08)
(12857.9 653.412 -2.40738e-13 -2935.46 -1.76139e-09 -5.0769e+08)
(12458.5 27.3722 -1.76145e-09 -4756.28 2.45247e-13 -5.07691e+08)
(11884 -661.366 -3.52315e-09 -6580.3 -1.76088e-09 -5.07691e+08)
(11078.1 -1433.15 1.76145e-09 -8295.51 -2.64468e-13 -5.07692e+08)
(10331.3 -2696.15 1.76145e-09 -10139.4 -2.76724e-13 -5.07692e+08)
(9735.92 -4216.14 6.05031e-24 -12942 -9.92044e-28 -5.07693e+08)
(9495.69 -1703.84 -2.01677e-24 -17564 9.30106e-28 -5.07694e+08)
(23461.4 -2846.96 -6.05038e-24 4933.38 5.53683e-28 -5.07686e+08)
(22668.7 -2104.15 -1.53026e-13 5045.4 -1.76141e-09 -5.07686e+08)
(21784.8 -1397.75 -2.27643e-27 4972.15 -2.44444e-23 -5.07686e+08)
(20958.5 -710.812 0 4829.02 0 -5.07686e+08)
(20178.5 -32.3107 2.5182e-27 4606.36 2.40533e-23 -5.07687e+08)
(19437.2 623.844 1.93807e-13 4301.91 1.76141e-09 -5.07687e+08)
(18729.1 1227.49 -2.027e-13 3910.96 -1.76141e-09 -5.07687e+08)
(18048.5 1739.92 -4.22146e-13 3432.41 -3.52281e-09 -5.07687e+08)
(17391.2 2122.7 0 2852.41 0 -5.07688e+08)
(16759.3 2338 2.26143e-13 2151.18 1.7614e-09 -5.07688e+08)
(16163.9 2356.46 -2.42029e-23 1286.93 -1.21214e-23 -5.07688e+08)
(15621.8 2163.47 2.38733e-13 210.439 1.7614e-09 -5.07689e+08)
(15159.4 1776.74 -4.88242e-13 -1134.2 -3.52279e-09 -5.07689e+08)
(14774.9 1236.23 -2.491e-13 -2769.74 -1.76139e-09 -5.0769e+08)
(14402 632.806 -5.08089e-13 -4640.25 -3.52278e-09 -5.0769e+08)
(13899.7 125.672 2.594e-13 -6486.31 1.76138e-09 -5.07691e+08)
(13099 -348.723 0 -8052.73 0 -5.07691e+08)
(11828.9 -1390.9 -3.77165e-27 -9356.72 -2.4444e-23 -5.07692e+08)
(10779.5 -3040.02 2.41974e-23 -10889.5 -2.44481e-23 -5.07692e+08)
(9850.24 -1389.48 -4.03482e-24 -14911.2 -2.44419e-23 -5.07693e+08)
(27492 -1603.91 -1.76148e-09 3599.46 1.60317e-13 -5.07685e+08)
(26471.4 -884.827 6.06247e-24 3660.62 -5.74501e-28 -5.07685e+08)
(25388.9 -216.812 5.67312e-24 3610.94 1.83816e-23 -5.07686e+08)
(24373 432.109 1.1735e-23 3509.57 1.20991e-23 -5.07686e+08)
(23428.6 1070.46 1.76147e-09 3375.55 -1.84526e-13 -5.07686e+08)
(22536.1 1696.75 -1.76147e-09 3168.3 1.89593e-13 -5.07686e+08)
(21692.2 2278.71 -1.76147e-09 2919.43 1.94521e-13 -5.07687e+08)
(20872.1 2783.45 0 2590.5 0 -5.07687e+08)
(20075.2 3163.63 1.76146e-09 2209.31 -2.05029e-13 -5.07687e+08)
(19286.1 3377.38 1.76146e-09 1712.06 -2.11156e-13 -5.07687e+08)
(18523.4 3376.66 -1.81494e-23 1094.23 1.21266e-23 -5.07688e+08)
(17803.1 3132.56 -1.76146e-09 239.974 2.26247e-13 -5.07688e+08)
(17186.6 2643.03 -1.76146e-09 -899.365 2.35272e-13 -5.07689e+08)
(16715.1 1957.23 0 -2472.87 0 -5.07689e+08)
(16413.5 1240.31 1.76146e-09 -4437.46 -2.54465e-13 -5.0769e+08)
(16177.1 747.902 -6.45537e-24 -6571.9 -1.21233e-23 -5.0769e+08)
(15697.5 570.772 3.94893e-25 -8355.23 2.42002e-23 -5.07691e+08)
(14777.1 116.776 1.76146e-09 -9005.41 -2.82438e-13 -5.07691e+08)
(12931.5 -1406.69 1.21027e-23 -9001.32 1.23177e-23 -5.07691e+08)
(10468.8 -949.465 -2.01743e-24 -10156.7 -1.19276e-23 -5.07692e+08)
(31512.2 -207.243 -1.57931e-13 2304.74 -1.76139e-09 -5.07685e+08)
(30275.2 470.614 0 2343.53 0 -5.07685e+08)
(28969.3 1098.33 3.02394e-24 2299.16 -1.25158e-23 -5.07685e+08)
(27771 1698.48 0 2253.99 0 -5.07685e+08)
(26669.7 2293.63 -3.02517e-24 2177.28 3.91425e-25 -5.07686e+08)
(25654.4 2882.36 -1.21023e-23 2070.67 -1.21231e-23 -5.07686e+08)
(24697.6 3443.64 0 1922.14 0 -5.07686e+08)
(23780.3 3942.11 0 1744.5 0 -5.07686e+08)
(22875.4 4334.27 0 1519.99 0 -5.07687e+08)
(21970.8 4568.64 -6.04871e-24 1241.65 1.21251e-23 -5.07687e+08)
(21051.8 4585.58 -6.05204e-24 852.559 -1.17325e-23 -5.07687e+08)
(20140.5 4329.85 1.77602e-27 291.788 1.21244e-23 -5.07688e+08)
(19280.4 3758.16 0 -576.855 0 -5.07688e+08)
(18577.9 2886.76 0 -1908.41 0 -5.07688e+08)
(18180.8 1884.32 0 -3817.88 0 -5.07689e+08)
(18219.5 1132.9 1.90168e-27 -6275.23 1.21243e-23 -5.0769e+08)
(18626.3 985 0 -8720.8 0 -5.0769e+08)
(18326.2 918.182 3.02498e-23 -10012.7 -1.25201e-23 -5.0769e+08)
(16082.5 10.4497 -2.04603e-27 -7609.67 -1.21242e-23 -5.0769e+08)
(11794.1 -194.927 -6.96207e-28 -2830.27 -1.21244e-23 -5.0769e+08)
(35516.4 1132.8 -3.30935e-09 1081.43 1.6712e-10 -5.07684e+08)
(33982.8 1725.23 1.76168e-09 1105.46 1.76122e-09 -5.07684e+08)
(32474.6 2277.79 2.34681e-24 1086.13 1.95325e-25 -5.07685e+08)
(31106.5 2798.72 1.96242e-25 1088.69 6.05009e-24 -5.07685e+08)
(29868.6 3321.17 1.76149e-09 1058.83 -1.8332e-13 -5.07685e+08)
(28751.7 3844.54 -1.76127e-09 1027.98 1.76158e-09 -5.07685e+08)
(27717 4358.81 -1.76126e-09 958.704 1.76159e-09 -5.07686e+08)
(26746.9 4829.88 0 897.693 0 -5.07686e+08)
(25797.7 5224.15 1.76148e-09 801.119 -2.04922e-13 -5.07686e+08)
(24847.1 5488.28 1.76173e-09 704.161 1.76118e-09 -5.07686e+08)
(23847.2 5564 6.05215e-24 528.689 1.1928e-23 -5.07687e+08)
(22783.9 5373.97 -1.76121e-09 270.015 1.76162e-09 -5.07687e+08)
(21644.7 4835.69 -1.76147e-09 -229.289 2.39893e-13 -5.07687e+08)
(20504.5 3899.99 2.79785e-13 -1080.86 1.76139e-09 -5.07688e+08)
(19559.4 2622.2 1.76147e-09 -2563.1 -2.65832e-13 -5.07688e+08)
(19229.6 1303.13 2.85256e-13 -4997.55 1.76138e-09 -5.07689e+08)
(19798.7 402.255 -1.19313e-23 -8469.59 -1.20982e-23 -5.0769e+08)
(20513.1 401.52 1.76148e-09 -11267.2 -2.77436e-13 -5.0769e+08)
(19615.3 598.781 3.97352e-27 -8006.98 2.48351e-23 -5.0769e+08)
(14115.7 226.589 2.11682e-29 6369.8 3.91113e-25 -5.07688e+08)
(39486.3 1808.35 1.76169e-09 82.4989 1.76122e-09 -5.07683e+08)
(37477.4 2265.57 1.79426e-13 49.4994 1.76138e-09 -5.07684e+08)
(35799.9 2666.83 -1.7617e-09 77.8176 -1.76121e-09 -5.07684e+08)
(34284.9 3044.5 0 97.3158 0 -5.07684e+08)
(32935 3423.09 1.76129e-09 119.914 -1.76157e-09 -5.07685e+08)
(31728.4 3812.13 1.7615e-09 121.972 -1.8785e-13 -5.07685e+08)
(30653.1 4200.63 -1.76127e-09 128.769 1.76158e-09 -5.07685e+08)
(29677.1 4571.58 -1.76149e-09 122.594 1.98484e-13 -5.07685e+08)
(28775.2 4898.54 1.76149e-09 131.303 -2.04242e-13 -5.07686e+08)
(27891 5148.67 -3.59838e-23 126.153 4.30662e-27 -5.07686e+08)
(26967.9 5275.95 -2.55267e-13 122.076 -1.76139e-09 -5.07686e+08)
(25911.4 5217.3 -3.91127e-25 65.6699 5.06773e-29 -5.07686e+08)
(24623.4 4888.94 1.88137e-27 -68.4483 1.21002e-23 -5.07687e+08)
(22999.2 4190.76 2.82983e-13 -385.395 1.76139e-09 -5.07687e+08)
(21035 3020.48 1.99601e-27 -1136.95 1.21002e-23 -5.07688e+08)
(18993.2 1406.01 1.21258e-23 -2814.51 6.04815e-24 -5.07689e+08)
(17519.7 -191.197 -1.76146e-09 -6121.41 2.91049e-13 -5.0769e+08)
(17704 -906.34 -2.73266e-13 -10202.7 -1.76137e-09 -5.07691e+08)
(18166.8 -122.197 -2.4413e-13 -8833.97 -1.76137e-09 -5.0769e+08)
(14880.8 -388.783 -7.12833e-14 13816.7 -1.76144e-09 -5.07686e+08)
(43157 681.349 -1.63268e-09 62.6767 5.9293e-10 -5.07682e+08)
(40804.5 805.206 -1.76152e-09 29.8845 5.39416e-14 -5.07683e+08)
(38966.2 903.032 -1.76152e-09 38.2698 5.61465e-14 -5.07683e+08)
(37310.2 994.928 0 38.7895 0 -5.07684e+08)
(35826.8 1086.75 1.76151e-09 46.1402 -6.02856e-14 -5.07684e+08)
(34520.7 1182.79 1.7615e-09 44.8461 -6.21608e-14 -5.07684e+08)
(33405.5 1279.45 -1.7615e-09 55.6685 6.39576e-14 -5.07685e+08)
(32472.9 1374.85 -1.7615e-09 63.1229 6.57641e-14 -5.07685e+08)
(31706.1 1462.3 1.7615e-09 89.2486 -6.76949e-14 -5.07685e+08)
(31052.9 1536.3 -2.40553e-23 113.924 -2.01575e-24 -5.07685e+08)
(30438.5 1586.05 1.2125e-23 157.373 -4.98828e-28 -5.07685e+08)
(29729.3 1597.95 -3.91948e-25 192.247 -2.01668e-24 -5.07685e+08)
(28733.4 1551.85 -1.71422e-27 229.839 -4.0334e-24 -5.07686e+08)
(27150.9 1410.11 1.21232e-23 230.568 -4.03399e-24 -5.07686e+08)
(24532.3 1114.98 -1.90184e-27 102.293 -4.03341e-24 -5.07687e+08)
(20306.9 582.571 1.21228e-23 -368.185 -4.03407e-24 -5.07688e+08)
(14034.7 -179.158 -1.76145e-09 -1635.53 9.95317e-14 -5.07689e+08)
(5578.47 -587.273 0 -4105.48 0 -5.07692e+08)
(-1727.34 432.622 0 -4810.51 0 -5.07694e+08)
(5882.97 135.504 0 4878.05 0 -5.0769e+08)
(-5105.23 -921.822 2.33742e-09 -5131.74 -5.63332e-09 -5.07695e+08)
(-6524.43 -5655.15 -5.44646e-10 -3804.5 -4.96173e-09 -5.07695e+08)
(-8384.78 -9288.75 -2.47445e-09 -676.931 -2.51079e-09 -5.07694e+08)
(-10964 -11883.6 3.85498e-10 3805.19 1.91439e-10 -5.07694e+08)
(-13983.7 -13300.4 -4.35703e-11 9235.84 2.47585e-09 -5.07693e+08)
(-17096.6 -13436.1 2.75437e-09 15103.4 5.03157e-09 -5.07693e+08)
(-19904.2 -12302.7 7.9305e-10 20810.2 -4.65859e-09 -5.07692e+08)
(-21952.3 -10013.5 -3.86708e-10 25749.4 1.01306e-09 -5.07691e+08)
(-22805 -6789.43 -1.07521e-09 29277.6 7.59894e-10 -5.07691e+08)
(-21597.1 -2845.13 0 31357.8 0 -5.0769e+08)
(-1858.13 -799.471 1.0684e-11 -3763.51 -2.76426e-09 -5.07694e+08)
(-3086.29 -5063.54 2.36883e-09 -2600.73 -8.54034e-09 -5.07694e+08)
(-4732.21 -8366.28 2.35129e-09 184.598 -5.69607e-09 -5.07693e+08)
(-7062.86 -10779.3 1.32999e-09 4181.08 -8.24938e-09 -5.07693e+08)
(-9867.92 -12190.3 -9.33701e-11 9042.84 2.68375e-09 -5.07692e+08)
(-12888.2 -12504.4 -3.37827e-09 14341 -9.82172e-10 -5.07692e+08)
(-15817.8 -11703.5 -1.1272e-10 19586.3 6.86953e-09 -5.07691e+08)
(-18306.9 -9860.19 2.29158e-09 24254.7 -3.60372e-09 -5.07691e+08)
(-20106.4 -7197.63 -3.17914e-11 27698 2.20947e-09 -5.07691e+08)
(-19966.9 -3894.26 1.51502e-09 29867.1 -6.04865e-10 -5.0769e+08)
(1142.54 -720.251 -2.1119e-11 -2598.22 5.46378e-09 -5.07693e+08)
(34.1365 -4637.54 -2.35158e-09 -1649.77 5.74837e-09 -5.07693e+08)
(-1505.7 -7713.76 -2.31833e-09 663.263 2.96121e-09 -5.07693e+08)
(-3723.34 -10038.6 3.4851e-09 3998.21 -1.02595e-09 -5.07692e+08)
(-6452.26 -11522.3 2.32104e-09 8085 -3.09954e-09 -5.07692e+08)
(-9482.54 -12073.2 3.50629e-09 12595 7.79964e-10 -5.07692e+08)
(-12556.7 -11647.4 -1.55189e-10 17153 6.31665e-10 -5.07691e+08)
(-15396.5 -10281.5 -3.31277e-09 21340.1 -2.85753e-09 -5.07691e+08)
(-17742.7 -8116.23 -4.32895e-11 24652.1 1.84617e-10 -5.07691e+08)
(-18258.2 -5191.31 -1.11995e-09 27141.3 -3.32402e-09 -5.0769e+08)
(3963.28 -646.224 -3.13738e-42 -1566.56 -7.92247e-44 -5.07692e+08)
(2953.06 -4247.27 1.12182e-09 -788.433 2.53637e-09 -5.07692e+08)
(1525.79 -7106.92 -1.60389e-10 1134 8.06965e-09 -5.07692e+08)
(-557.626 -9331.21 -1.32676e-09 3913.67 8.04666e-09 -5.07692e+08)
(-3163.02 -10852.6 1.25241e-09 7336.4 -2.95049e-09 -5.07691e+08)
(-6115.57 -11586.5 -2.4373e-09 11150.4 1.13138e-09 -5.07691e+08)
(-9203.9 -11479.7 -3.27165e-09 15065.5 -8.08373e-09 -5.07691e+08)
(-12197.2 -10538.5 2.44973e-09 18758.1 -1.49521e-09 -5.07691e+08)
(-14897.2 -8839.23 -9.67316e-11 21853.5 2.58609e-10 -5.07691e+08)
(-15924.4 -6313.33 3.88578e-09 24450.8 -6.60388e-10 -5.0769e+08)
(6663.61 -569.732 1.15141e-09 -662.822 -7.17967e-11 -5.07691e+08)
(5756.53 -3870.97 1.20766e-09 -21.9517 -5.41196e-09 -5.07691e+08)
(4444.61 -6514.42 0 1573.69 0 -5.07691e+08)
(2507.2 -8621.71 -1.24393e-09 3882.12 2.89567e-09 -5.07691e+08)
(56.1178 -10144.6 -1.16786e-09 6736.92 2.97727e-10 -5.07691e+08)
(-2765.12 -11010.9 6.57727e-11 9942.53 -2.44516e-09 -5.07691e+08)
(-5781.34 -11163.6 -1.19342e-10 13278.7 4.71176e-09 -5.07691e+08)
(-8819.23 -10590 1.11376e-09 16498.2 6.06376e-09 -5.07691e+08)
(-11690.6 -9303.38 -8.53313e-11 19340.1 2.29968e-09 -5.07691e+08)
(-13180 -7211.19 -1.26027e-09 21868.3 6.91914e-09 -5.0769e+08)
(9318.11 -490.647 -2.31484e-09 116.512 1.35692e-10 -5.0769e+08)
(8498.43 -3508.4 1.22101e-09 641.307 -2.96715e-09 -5.0769e+08)
(7299.67 -5939.04 3.52266e-09 1962.66 -3.03093e-09 -5.0769e+08)
(5510.72 -7916.24 -1.19578e-09 3873.65 2.85908e-10 -5.0769e+08)
(3224.9 -9410.07 -1.24525e-09 6243.44 2.77519e-09 -5.0769e+08)
(562.836 -10360.4 1.2958e-10 8922.63 -4.81701e-09 -5.0769e+08)
(-2328.29 -10709.6 1.26299e-09 11746.5 -5.52644e-10 -5.0769e+08)
(-5308.38 -10427.3 1.18616e-09 14533.8 1.69772e-09 -5.0769e+08)
(-8251.05 -9497.67 9.10645e-11 17094 -6.32218e-09 -5.0769e+08)
(-10025.7 -7819.55 -1.60862e-09 19459.3 5.2482e-10 -5.0769e+08)
(11966.8 -410.737 -3.13599e-42 771.406 -6.87453e-44 -5.07689e+08)
(11238 -3162.78 -8.98429e-11 1201.55 7.96096e-09 -5.07689e+08)
(10144.1 -5386.54 1.23399e-09 2292.66 -2.8154e-09 -5.07689e+08)
(8495.45 -7225.51 1.17726e-09 3868.67 -1.95508e-10 -5.07689e+08)
(6371.14 -8665 -3.68994e-09 5826.73 1.05467e-09 -5.07689e+08)
(3877.37 -9655.01 -1.12178e-09 8054.12 1.2998e-10 -5.0769e+08)
(1138.45 -10139.9 3.69747e-09 10429.2 9.27659e-10 -5.0769e+08)
(-1749.85 -10082.4 -2.64801e-09 12815.2 -8.3565e-10 -5.0769e+08)
(-4670.72 -9445 -1.0659e-09 15077.8 -5.98226e-09 -5.0769e+08)
(-6652.08 -8147.14 4.26528e-09 17211.9 -3.8975e-09 -5.0769e+08)
(14659.3 -331.967 1.15927e-09 1302.89 2.59404e-09 -5.07689e+08)
(14003 -2836.76 -4.29563e-11 1653.71 2.70416e-09 -5.07689e+08)
(13006.4 -4861.53 2.17771e-11 2552.46 -6.43254e-11 -5.07689e+08)
(11488 -6557.88 2.76566e-11 3847.41 -2.46637e-09 -5.07689e+08)
(9518.33 -7923.33 -1.33228e-09 5457.6 5.16013e-09 -5.07689e+08)
(7192.4 -8916 1.14523e-09 7299.19 4.37987e-09 -5.07689e+08)
(4611.41 -9484.54 -5.48037e-11 9281.73 1.11067e-10 -5.07689e+08)
(1851.62 -9584.21 -3.97679e-09 11305.2 1.63411e-09 -5.07689e+08)
(-999.136 -9171.53 -1.14475e-11 13272.9 1.01103e-08 -5.07689e+08)
(-3063.16 -8190.83 2.69541e-09 15157.6 6.08207e-10 -5.0769e+08)
(17413.6 -254.654 2.0373e-11 1714.49 -5.27073e-09 -5.07688e+08)
(16834.9 -2529.09 -1.09782e-09 2002.5 -7.74602e-09 -5.07688e+08)
(15925.7 -4364.02 -1.18139e-09 2740.67 1.11791e-10 -5.07688e+08)
(14524.9 -5916.23 3.68085e-09 3799.53 -7.15041e-10 -5.07688e+08)
(12697.5 -7192.59 7.31718e-12 5115.84 -4.64708e-09 -5.07688e+08)
(10527.9 -8159.11 -3.78943e-09 6627.04 3.25865e-09 -5.07688e+08)
(8101.68 -8767.12 1.50181e-09 8267.58 -7.27036e-09 -5.07689e+08)
(5479.01 -8968.6 3.91587e-09 9963.56 4.96048e-09 -5.07689e+08)
(2745.36 -8716.48 -2.94353e-10 11648.7 1.05916e-08 -5.07689e+08)
(627.043 -7992.5 -4.47515e-09 13271.3 7.51646e-09 -5.07689e+08)
(20265.4 -179.709 3.05594e-11 2008 -7.9063e-09 -5.07687e+08)
(19746.8 -2239.38 2.47491e-09 2242.39 -8.0528e-09 -5.07687e+08)
(18918.4 -3892.52 3.54354e-09 2848.46 2.20101e-09 -5.07687e+08)
(17625.6 -5300.58 -2.5045e-09 3710.39 5.02715e-10 -5.07687e+08)
(15928.4 -6477.56 4.39186e-10 4778.55 -1.24255e-08 -5.07688e+08)
(13903.3 -7396.02 -2.16043e-11 6007.68 -4.47013e-09 -5.07688e+08)
(11627.4 -8008.29 2.87115e-09 7351.66 -1.11204e-09 -5.07688e+08)
(9153.26 -8263.23 6.69625e-09 8758.63 -4.19938e-09 -5.07688e+08)
(6535.19 -8120.83 8.8197e-11 10178.2 -6.12193e-09 -5.07688e+08)
(4446.14 -7589.36 -3.35333e-09 11555.3 -1.1574e-09 -5.07689e+08)
(23223.6 -105.445 -5.04873e-11 2192.88 1.30625e-08 -5.07686e+08)
(22773.5 -1961.92 3.51167e-09 2384.78 7.49234e-09 -5.07687e+08)
(22017.1 -3441.94 2.3243e-09 2880.33 2.4236e-09 -5.07687e+08)
(20820.4 -4706.4 -3.64715e-09 3575.81 -1.96584e-09 -5.07687e+08)
(19237.9 -5777.62 -2.60184e-09 4433.77 5.23613e-09 -5.07687e+08)
(17343 -6630.18 2.8273e-09 5420.69 -7.67969e-09 -5.07687e+08)
(15204.9 -7219.53 2.61289e-09 6508.37 -6.01793e-10 -5.07687e+08)
(12858.5 -7494.81 1.36694e-10 7656.53 -6.45645e-09 -5.07688e+08)
(10359.8 -7420.84 8.84078e-11 8829.67 -6.13703e-09 -5.07688e+08)
(8301.94 -7028.13 2.56911e-13 9968.81 -5.04644e-11 -5.07688e+08)
(26320.4 -31.7573 -2.40841e-09 2265.22 5.328e-09 -5.07686e+08)
(25921.1 -1695.97 -2.47311e-09 2424.57 7.84815e-09 -5.07686e+08)
(25231.9 -3005.08 -1.22631e-09 2827.19 1.30638e-10 -5.07686e+08)
(24122.6 -4127.37 -1.22219e-09 3384.09 1.30213e-10 -5.07686e+08)
(22643.5 -5086.05 -2.76635e-09 4062.79 7.71048e-09 -5.07686e+08)
(20865.6 -5860.28 -2.56298e-09 4844.59 4.57717e-10 -5.07686e+08)
(18846 -6406.15 2.70615e-09 5709.13 1.50953e-09 -5.07687e+08)
(16618 -6673.55 2.69365e-09 6630.84 1.43754e-09 -5.07687e+08)
(14229.4 -6630.1 4.47555e-09 7578.59 5.44068e-10 -5.07687e+08)
(12246.6 -6325.69 1.02476e-09 8506.82 1.09038e-09 -5.07688e+08)
(29564.5 45.379 1.23036e-09 2233.34 -7.82037e-09 -5.07685e+08)
(29225.9 -1429.36 1.22832e-09 2367.74 -2.60276e-09 -5.07685e+08)
(28595.6 -2569.79 -1.18841e-09 2691.05 -2.40971e-09 -5.07685e+08)
(27561.4 -3549.33 3.13401e-11 3131.58 -4.28517e-11 -5.07685e+08)
(26171.2 -4388.91 -2.6994e-09 3656.55 2.86423e-09 -5.07685e+08)
(24490 -5074.53 2.37523e-11 4262.98 4.47729e-09 -5.07686e+08)
(22570.9 -5559.76 3.83764e-09 4932.76 5.93489e-09 -5.07686e+08)
(20449.6 -5795.07 -2.23605e-13 5654.55 1.05634e-11 -5.07686e+08)
(18178.5 -5751.07 -1.53329e-13 6399.89 1.06467e-11 -5.07687e+08)
(16233.2 -5496.19 -1.69163e-09 7127.86 -5.48217e-09 -5.07687e+08)
(32994.1 124.26 -3.13402e-42 2083.57 -4.14402e-44 -5.07684e+08)
(32696.7 -1156.02 2.88936e-11 2192.93 -2.56091e-09 -5.07684e+08)
(32119 -2126.15 4.48739e-11 2458.09 -2.52259e-09 -5.07684e+08)
(31150.1 -2953.13 1.26923e-09 2797.2 -1.38942e-10 -5.07684e+08)
(29836 -3668.84 2.25724e-11 3198.5 -2.3479e-09 -5.07685e+08)
(28235.5 -4251.79 4.79191e-11 3649.66 -2.57034e-11 -5.07685e+08)
(26408.2 -4661.96 -1.38081e-12 4157.3 -2.1662e-09 -5.07685e+08)
(24389.5 -4842.61 -1.40034e-09 4699.71 2.60078e-10 -5.07686e+08)
(22210.8 -4776.71 -5.78475e-11 5264.9 4.01743e-09 -5.07686e+08)
(20327.8 -4539.14 1.74064e-09 5821.86 -2.14418e-09 -5.07686e+08)
(36623.1 214.561 -3.1339e-42 1802.36 -3.7189e-44 -5.07683e+08)
(36377.1 -861.874 0 1900.26 0 -5.07683e+08)
(35841.7 -1652.4 -1.33461e-10 2116.44 7.50304e-09 -5.07684e+08)
(34924.2 -2318.99 0 2373.75 0 -5.07684e+08)
(33667.1 -2896.85 -2.75111e-09 2667.56 5.05332e-09 -5.07684e+08)
(32132.2 -3363.58 2.17628e-10 2990.19 -4.6853e-09 -5.07684e+08)
(30380.8 -3680.5 4.18842e-09 3355.39 -2.82236e-09 -5.07685e+08)
(28442.1 -3792.26 4.32254e-09 3742.79 1.3453e-09 -5.07685e+08)
(26336.3 -3685.78 -1.69611e-09 4149.57 4.33808e-10 -5.07685e+08)
(24459 -3439.64 -4.64521e-09 4552.62 2.86874e-09 -5.07686e+08)
(40517.2 314.555 -9.82981e-12 1373.87 2.54397e-09 -5.07683e+08)
(40291.3 -552.128 3.69485e-09 1473.12 -1.41215e-10 -5.07683e+08)
(39784.6 -1143.99 2.7334e-11 1647.28 -4.87801e-09 -5.07683e+08)
(38905.8 -1638.69 8.50231e-11 1843.47 -7.76453e-11 -5.07683e+08)
(37689.1 -2057.63 -2.75013e-09 2041.6 3.55894e-10 -5.07683e+08)
(36203 -2393.33 -3.99935e-09 2267.28 4.90074e-09 -5.07683e+08)
(34503.2 -2598.05 4.26903e-09 2503.99 -4.90802e-09 -5.07684e+08)
(32617.2 -2625.43 -1.65788e-11 2767.35 -2.07648e-09 -5.07684e+08)
(30550 -2456.2 1.56953e-10 3039.43 -6.08881e-09 -5.07685e+08)
(28665.1 -2175.42 1.5568e-09 3324.1 -2.60163e-10 -5.07685e+08)
(44694.7 419.324 -1.22539e-09 810.847 2.74446e-11 -5.07682e+08)
(44486.1 -224.651 -3.70158e-09 912.932 9.22549e-11 -5.07682e+08)
(43997.1 -617.919 1.71039e-10 1058.26 -7.51141e-09 -5.07682e+08)
(43137.2 -921.809 2.35583e-09 1193.59 7.16577e-09 -5.07682e+08)
(41937.4 -1169.63 1.84626e-10 1325.66 -7.10544e-09 -5.07682e+08)
(40465.1 -1354.41 -2.86544e-09 1464.16 4.8258e-09 -5.07683e+08)
(38782.6 -1436.34 9.90626e-11 1609.53 -5.66898e-11 -5.07683e+08)
(36908.6 -1362.02 2.90554e-09 1769.3 -2.40754e-09 -5.07683e+08)
(34855 -1117.16 -2.90394e-11 1940.29 2.01838e-09 -5.07684e+08)
(32887.2 -782.764 -9.75689e-12 2121.08 1.92394e-09 -5.07684e+08)
(49194.7 497.51 3.52473e-14 177.762 -9.12014e-12 -5.07681e+08)
(48984.9 60.3992 5.63808e-11 293.931 -4.99859e-09 -5.07681e+08)
(48509.1 -137.315 3.57227e-09 406.64 1.22219e-08 -5.07681e+08)
(47647.3 -253.357 -1.29527e-10 487.258 2.48093e-09 -5.07681e+08)
(46431.1 -333.27 -3.89317e-09 569.4 1.65619e-10 -5.07681e+08)
(44929.5 -369.419 0 642.558 0 -5.07682e+08)
(43207.4 -332.49 -1.1158e-10 721.947 4.40835e-09 -5.07682e+08)
(41289.2 -165.893 1.48768e-09 806.478 -1.22714e-10 -5.07683e+08)
(39183.7 144.207 3.05352e-09 902.412 -2.68508e-10 -5.07683e+08)
(37150.3 500.07 -1.94432e-09 1007.29 2.40349e-11 -5.07684e+08)
(53869.2 467.959 -3.69479e-09 -526.913 -4.97286e-09 -5.0768e+08)
(53765.5 231.138 2.49987e-09 -382.674 2.41255e-09 -5.0768e+08)
(53296.1 202.929 3.72687e-09 -308.748 -8.47289e-12 -5.0768e+08)
(52401.4 235.453 -3.68022e-09 -257.775 -7.15338e-09 -5.0768e+08)
(51127.8 288.864 -1.36477e-09 -206.129 2.38194e-09 -5.07681e+08)
(49543.9 357.825 -6.12772e-11 -157.099 2.27961e-09 -5.07681e+08)
(47711.3 469.52 0 -107.972 0 -5.07681e+08)
(45670.1 668.048 -4.48481e-11 -38.483 2.12059e-09 -5.07682e+08)
(43399.7 948.694 2.91943e-11 19.7051 -2.03003e-09 -5.07682e+08)
(41402.7 1254.42 -7.79499e-14 83.8485 1.53906e-11 -5.07683e+08)
(58679 140.51 3.77489e-09 -52.0088 -2.50869e-09 -5.07679e+08)
(59160.4 107.935 2.34553e-09 49.5722 2.48801e-09 -5.07679e+08)
(58613.9 135.798 -1.0422e-09 60.8836 -2.45385e-09 -5.07679e+08)
(57603 178.634 1.39204e-09 67.2527 -8.0634e-10 -5.07679e+08)
(56205.5 222.474 1.2063e-09 75.6916 7.78933e-10 -5.07679e+08)
(54453.8 265.011 -1.48051e-09 80.5429 7.65104e-10 -5.0768e+08)
(52384.7 314.69 3.49481e-11 81.6561 -1.0415e-12 -5.0768e+08)
(50027.4 381.169 -1.24497e-10 85.5415 7.07126e-10 -5.07681e+08)
(47514.8 449.81 1.58482e-09 89.5883 -1.02987e-11 -5.07681e+08)
(45397.7 530.666 1.29573e-09 89.4347 1.28361e-09 -5.07682e+08)
)
;

boundaryField
{
    left
    {
        type            symmetryPlane;
    }
    right
    {
        type            calculated;
        value           nonuniform List<symmTensor> 
30
(
(10000 -0.946705 2.25592e-16 -46236.9 2.53013e-09 -5.07701e+08)
(10000 -4.65536 -2.24025e-16 -46550.7 3.65491e-09 -5.07701e+08)
(10000 -8.19069 3.65045e-19 -45935.2 -1.40293e-11 -5.07701e+08)
(10000.1 -11.5623 9.97234e-17 -44902.4 2.89549e-09 -5.077e+08)
(10000.1 -14.7869 -2.80244e-16 -43541.5 9.49959e-10 -5.077e+08)
(10000.2 -17.8047 1.87811e-16 -41881.8 -2.69022e-09 -5.077e+08)
(10000.2 -20.5601 1.1466e-16 -39909.7 -1.42334e-09 -5.07699e+08)
(10000.2 -23.2889 4.01269e-16 -37922.5 -4.39555e-09 -5.07699e+08)
(10000.2 -26.3249 -6.57703e-17 -36051.5 1.75762e-09 -5.07698e+08)
(10000.2 -29.6414 -3.39123e-16 -34139.2 2.91849e-09 -5.07698e+08)
(10000.1 -32.4129 -1.75983e-17 -32166.5 1.34758e-10 -5.07697e+08)
(10000 -34.4055 1.12011e-30 -30116.2 -6.45182e-24 -5.07697e+08)
(10000 -35.8544 -2.4879e-16 -28083.2 1.76133e-09 -5.07696e+08)
(10000 -36.9262 -2.56227e-16 -26267.6 1.76133e-09 -5.07696e+08)
(10000 -37.807 5.24678e-16 -24746.5 -3.52267e-09 -5.07696e+08)
(10000 -38.6583 1.94233e-30 -23524.1 -1.21233e-23 -5.07695e+08)
(10000 -39.5881 -1.70716e-30 -22567.2 1.21254e-23 -5.07695e+08)
(10000 -40.6708 2.8221e-16 -21823.4 -1.76135e-09 -5.07695e+08)
(10000 -41.9563 -2.9113e-16 -21234.3 1.76135e-09 -5.07695e+08)
(10000 -43.5021 1.4721e-31 -20735.4 -3.90322e-25 -5.07695e+08)
(10000 -45.3746 -2.16723e-30 -20267.6 1.2124e-23 -5.07695e+08)
(10000 -47.6618 -2.27647e-30 -19692.6 1.21241e-23 -5.07695e+08)
(10000 -50.4924 0 -18886.1 0 -5.07694e+08)
(10000 -54.0018 5.52433e-32 -17412.7 9.30106e-28 -5.07694e+08)
(10000 -58.3423 5.70274e-30 -14866.3 -2.44419e-23 -5.07693e+08)
(10000 -63.3938 3.00602e-30 -10297.3 -1.19276e-23 -5.07692e+08)
(10000 -66.3056 3.16696e-30 -3368.5 -1.21244e-23 -5.07691e+08)
(10000 -55.1703 -8.50034e-32 5135.09 3.91113e-25 -5.07689e+08)
(10000 7.36701 -5.11189e-17 12352.5 -1.76144e-09 -5.07687e+08)
(10000 2013.85 0 6113.16 0 -5.07689e+08)
)
;
    }
    down
    {
        type            symmetryPlane;
    }
    up
    {
        type            calculated;
        value           nonuniform List<symmTensor> 
30
(
(58694.6 0.715669 3.77489e-09 -0.00056076 -2.8032e-16 -5.07679e+08)
(59145.5 3.50167 2.34553e-09 -0.0120342 3.24425e-16 -5.07679e+08)
(58595.6 6.12319 -1.0422e-09 -0.0333809 -3.13221e-16 -5.07679e+08)
(57582.8 8.59789 1.39204e-09 -0.0609431 -4.70179e-17 -5.07679e+08)
(56182.8 10.9586 1.2063e-09 -0.09045 1.41979e-16 -5.07679e+08)
(54429.6 13.1988 -1.48051e-09 -0.117462 9.59019e-18 -5.0768e+08)
(52360.2 15.2748 3.49481e-11 -0.137787 1.98852e-18 -5.0768e+08)
(50001.7 17.1408 -1.24497e-10 -0.148207 6.59771e-17 -5.07681e+08)
(47487.9 18.8232 1.58482e-09 -0.147429 1.16488e-16 -5.07681e+08)
(45370.8 20.3729 1.29573e-09 -0.106108 2.22288e-16 -5.07682e+08)
(43138.2 21.5578 -1.63268e-09 -0.0343783 -8.97934e-17 -5.07682e+08)
(40795.5 22.503 -1.76152e-09 2.74181e-06 -1.56146e-16 -5.07683e+08)
(38954.8 23.4596 -1.76152e-09 2.5034e-06 -1.62784e-16 -5.07683e+08)
(37298.6 24.3878 0 -1.90735e-06 0 -5.07684e+08)
(35812.9 25.2697 1.76151e-09 2.26498e-06 1.75344e-16 -5.07684e+08)
(34507.2 26.11 1.7615e-09 1.54972e-06 1.81174e-16 -5.07684e+08)
(33388.8 26.9316 -1.7615e-09 -5.96046e-07 -1.86876e-16 -5.07685e+08)
(32454 27.7692 -1.7615e-09 -1.90735e-06 -1.92688e-16 -5.07685e+08)
(31679.3 28.665 1.7615e-09 1.43051e-06 1.98904e-16 -5.07685e+08)
(31018.7 29.6683 -2.40553e-23 1.66893e-06 -2.91196e-30 -5.07685e+08)
(30391.3 30.8367 1.2125e-23 4.76837e-07 1.47285e-30 -5.07685e+08)
(29671.6 32.2475 -3.91948e-25 1.54972e-06 -1.39445e-31 -5.07685e+08)
(28664.5 34.0297 -1.71422e-27 2.14577e-06 -1.63626e-31 -5.07686e+08)
(27081.7 36.3736 1.21232e-23 0 1.59629e-30 -5.07686e+08)
(24501.6 39.4301 -1.90184e-27 -3.57628e-07 -1.06886e-31 -5.07687e+08)
(20417.4 42.8845 1.21228e-23 -7.15256e-07 1.99095e-30 -5.07688e+08)
(14525.3 44.7398 -1.76145e-09 -2.86102e-06 -3.10445e-16 -5.07689e+08)
(6810.12 37.3681 0 1.66893e-06 0 -5.07691e+08)
(-284.191 -5.76889 0 -2.26498e-06 0 -5.07692e+08)
(4419.55 -2013.74 0 8.73804e-05 0 -5.07691e+08)
)
;
    }
    hole
    {
        type            calculated;
        value           nonuniform List<symmTensor> 
20
(
(714.15 -590.298 4.0553e-13 481.092 -3.75e-13 -5.07692e+08)
(-10206.6 8114.74 -3.35295e-09 -6451.15 2.64325e-09 -5.07696e+08)
(-23566.7 15811.8 0 -10608.6 0 -5.077e+08)
(-38550.9 21649.4 -1.51997e-09 -12157.7 1.65471e-09 -5.07704e+08)
(-54176.3 25028.6 -1.93876e-09 -11562.8 8.93782e-10 -5.07707e+08)
(-69164.6 25560.9 -3.76287e-09 -9446.44 2.13544e-09 -5.0771e+08)
(-82029.1 23170.1 2.05399e-09 -6544.66 -5.79287e-10 -5.07713e+08)
(-91779.2 18281.4 6.28054e-09 -3641.43 -1.24929e-09 -5.07714e+08)
(-97687.7 11576.8 4.23959e-09 -1371.94 -5.01796e-10 -5.07715e+08)
(-99457.9 3912.01 4.31525e-09 -153.856 -1.69556e-10 -5.07715e+08)
(184.928 -4702.41 -1.69106e-10 119563 4.30382e-09 -5.07665e+08)
(1633.47 -13783.2 -5.01935e-10 116301 4.24076e-09 -5.07665e+08)
(4302.59 -21600.2 -4.16563e-10 108438 2.09419e-09 -5.07666e+08)
(7712.71 -27305.9 1.15912e-09 96672.8 -4.1099e-09 -5.07668e+08)
(11271 -30501 -2.13558e-09 82540.4 3.76342e-09 -5.07671e+08)
(14110.8 -30551.6 -2.68182e-09 66147.8 5.81728e-09 -5.07674e+08)
(15804 -28158.3 -6.1178e-10 50169.9 -3.42243e-10 -5.07677e+08)
(15844.6 -23647.6 3.5582e-09 35293.2 -5.3252e-09 -5.07681e+08)
(13439.6 -16979.9 3.96552e-09 21452.5 -5.03023e-09 -5.07684e+08)
(8627.58 -9263.62 4.66947e-14 9945.99 -5.05261e-14 -5.07688e+08)
)
;
    }
    frontAndBack
    {
        type            empty;
    }
}


// ************************************************************************* //
