/*--------------------------------*- C++ -*----------------------------------*\
  =========                 |
  \\      /  F ield         | OpenFOAM: The Open Source CFD Toolbox
   \\    /   O peration     | Website:  https://openfoam.org
    \\  /    A nd           | Version:  dev
     \\/     M anipulation  |
\*---------------------------------------------------------------------------*/
FoamFile
{
    version     2.0;
    format      ascii;
    class       volSymmTensorField;
    location    "20";
    object      sigma;
}
// * * * * * * * * * * * * * * * * * * * * * * * * * * * * * * * * * * * * * //

dimensions      [1 -1 -2 0 0 0 0];

internalField   nonuniform List<symmTensor> 
1000
(
(-1.30321e+06 1.11429e+06 6.44102e-10 -1.14631e+06 6.81559e-10 -5.08258e+08)
(-1.26905e+06 455211 4.33805e-09 -685883 4.66512e-09 -5.08143e+08)
(-1.24483e+06 158602 -3.5059e-09 -396362 -6.40729e-09 -5.08071e+08)
(-1.20978e+06 42839.7 -2.58348e-09 -187309 -2.78422e-09 -5.08015e+08)
(-1.16549e+06 7249.78 5.94483e-09 -39204.9 1.09568e-08 -5.0797e+08)
(-1.11649e+06 5382.92 3.00816e-09 62652.4 3.24588e-09 -5.07935e+08)
(-1.06413e+06 13649 -2.24881e-09 131868 5.56743e-09 -5.07907e+08)
(-1.00792e+06 23428 -5.01061e-10 177978 -6.196e-09 -5.07884e+08)
(-953816 34832.3 -6.83475e-09 203591 -3.81515e-09 -5.07865e+08)
(-888041 63958.1 0 205356 0 -5.0785e+08)
(-1.75707e+06 1.20342e+06 -3.29986e-09 -964796 2.68307e-09 -5.0832e+08)
(-1.44388e+06 556227 0 -759924 0 -5.08201e+08)
(-1.28801e+06 238681 2.71854e-09 -577816 -2.33628e-09 -5.08123e+08)
(-1.19013e+06 88695.2 -5.0368e-09 -406701 4.32868e-09 -5.08061e+08)
(-1.12147e+06 20757 -2.49613e-09 -264716 1.82502e-09 -5.08012e+08)
(-1.06575e+06 -7816.06 4.91195e-09 -153166 1.55262e-09 -5.07974e+08)
(-1.01913e+06 -17197.9 2.08025e-09 -70065.5 -1.7485e-09 -5.07944e+08)
(-973533 -13733.7 2.04099e-09 -10054.6 -7.74664e-09 -5.07919e+08)
(-924803 7551.2 0 24197.3 0 -5.079e+08)
(-878060 61389.2 0 23873.3 0 -5.07889e+08)
(-2.10194e+06 1.15082e+06 0 -708208 0 -5.08341e+08)
(-1.57623e+06 624949 0 -735883 0 -5.08226e+08)
(-1.31533e+06 336624 3.05137e-09 -662889 -1.87837e-09 -5.08149e+08)
(-1.16828e+06 175651 2.13189e-09 -540793 3.18134e-09 -5.08087e+08)
(-1.07641e+06 83964.3 3.27087e-11 -420540 4.88229e-11 -5.08038e+08)
(-1.01216e+06 32817.5 -4.79934e-09 -315427 -1.97134e-09 -5.07999e+08)
(-963361 8497.52 -3.97264e-10 -230312 -5.47448e-09 -5.07968e+08)
(-918712 7605.2 -2.19151e-09 -166384 1.32971e-09 -5.07943e+08)
(-869421 32419.7 2.79805e-09 -126964 4.17915e-09 -5.07922e+08)
(-823411 87933.8 7.12903e-10 -125660 2.63641e-09 -5.07911e+08)
(-2.32008e+06 999478 -1.647e-09 -451321 1.4102e-09 -5.08332e+08)
(-1.68372e+06 662437 -1.60397e-09 -638516 -2.85982e-09 -5.08228e+08)
(-1.359e+06 435890 -1.64281e-09 -647022 7.29828e-10 -5.08155e+08)
(-1.17393e+06 281275 1.78498e-09 -580235 3.17939e-09 -5.08097e+08)
(-1.05885e+06 176295 4.64319e-09 -493517 1.96153e-09 -5.08051e+08)
(-979631 108938 -2.55368e-09 -409337 1.3549e-09 -5.08013e+08)
(-920738 71994 -2.32886e-09 -335871 1.39852e-09 -5.07982e+08)
(-867909 64077.6 -5.59567e-09 -279250 3.1086e-09 -5.07957e+08)
(-810540 84297.7 -3.54091e-09 -243527 -3.83381e-09 -5.07936e+08)
(-757207 130586 2.67253e-09 -243690 1.61695e-09 -5.07923e+08)
(-2.38571e+06 786926 -2.13752e-09 -224252 4.39112e-10 -5.08295e+08)
(-1.76951e+06 659779 3.85676e-11 -479135 8.36327e-11 -5.08211e+08)
(-1.42567e+06 509639 -4.82365e-09 -546125 2.35895e-09 -5.08147e+08)
(-1.21699e+06 373471 -7.64757e-10 -527948 -1.65539e-09 -5.08095e+08)
(-1.07942e+06 266158 1.72281e-09 -483172 3.72871e-09 -5.08053e+08)
(-980596 190163 4.43184e-09 -430801 2.70271e-09 -5.08018e+08)
(-904095 144566 1.06699e-09 -381495 2.30927e-09 -5.07989e+08)
(-835632 128965 1.33382e-09 -342910 -3.21671e-09 -5.07964e+08)
(-764927 140074 -6.47134e-09 -319375 -1.11136e-08 -5.07943e+08)
(-698950 172604 -1.81225e-09 -326332 6.82917e-10 -5.07929e+08)
(-2.33249e+06 568786 -4.034e-09 -63712 1.34917e-09 -5.08245e+08)
(-1.83885e+06 610750 3.18661e-11 -293185 8.6427e-11 -5.08184e+08)
(-1.51523e+06 529245 -3.19156e-11 -379152 -8.64195e-11 -5.08129e+08)
(-1.29415e+06 420957 -6.32274e-10 -406930 -1.71082e-09 -5.08085e+08)
(-1.1355e+06 322578 -2.93808e-09 -406024 9.56479e-10 -5.08048e+08)
(-1.01437e+06 247852 -7.88556e-11 -392143 -2.13273e-10 -5.08017e+08)
(-916264 199293 2.50899e-09 -374079 -1.04197e-09 -5.0799e+08)
(-828025 177952 6.84129e-09 -360862 4.76483e-11 -5.07967e+08)
(-739916 179989 1.12025e-09 -357010 -4.61979e-10 -5.07945e+08)
(-656771 198477 -3.04506e-09 -376266 -1.60614e-09 -5.07931e+08)
(-2.20271e+06 375384 1.6622e-09 38876.2 -1.96374e-09 -5.08192e+08)
(-1.88656e+06 507519 -8.14579e-10 -104676 -2.89177e-09 -5.08152e+08)
(-1.60788e+06 480452 1.7159e-09 -195131 -5.06397e-10 -5.08108e+08)
(-1.3859e+06 404194 5.45952e-10 -255016 1.93295e-09 -5.08071e+08)
(-1.21119e+06 325507 4.13723e-09 -293068 3.28868e-09 -5.08039e+08)
(-1.06956e+06 261505 -3.9418e-09 -315990 -3.32493e-09 -5.08012e+08)
(-949567 217202 -2.48632e-09 -331003 -8.79386e-09 -5.07988e+08)
(-840654 194671 -2.49538e-09 -346504 5.83025e-10 -5.07966e+08)
(-733831 190057 1.34363e-09 -365984 4.74822e-09 -5.07946e+08)
(-631663 197339 -7.71429e-10 -401366 3.00258e-09 -5.07931e+08)
(-2.06269e+06 237637 6.2437e-09 77711.9 -1.33608e-09 -5.0815e+08)
(-1.90906e+06 363057 -3.84235e-09 32189.9 6.07418e-10 -5.08125e+08)
(-1.67719e+06 364720 -2.75271e-11 -37080.5 -1.38356e-10 -5.08088e+08)
(-1.46517e+06 322297 -7.48719e-10 -114174 -3.75955e-09 -5.08057e+08)
(-1.28344e+06 271190 6.84637e-09 -178764 2.767e-09 -5.0803e+08)
(-1.12767e+06 225416 7.85321e-10 -231296 3.93938e-09 -5.08006e+08)
(-990040 191733 3.6054e-11 -274756 1.80786e-10 -5.07984e+08)
(-862838 172488 -2.00433e-09 -316620 3.03706e-09 -5.07964e+08)
(-738928 165632 -4.73689e-10 -359838 -2.3728e-09 -5.07946e+08)
(-618916 166306 -2.31454e-10 -412005 -2.66017e-09 -5.0793e+08)
(-1.99119e+06 150336 4.35714e-09 82696.2 6.06674e-10 -5.08133e+08)
(-1.89559e+06 196747 -3.67148e-09 104348 2.0554e-09 -5.08106e+08)
(-1.70737e+06 208620 -3.9071e-10 55732.8 -3.30119e-09 -5.08073e+08)
(-1.51379e+06 195982 -6.65703e-10 -18682.8 -5.61904e-09 -5.08046e+08)
(-1.33473e+06 172079 5.0555e-10 -94498.4 4.26425e-09 -5.08022e+08)
(-1.17227e+06 148070 3.35502e-09 -163403 3.76216e-09 -5.08001e+08)
(-1.02303e+06 128537 -5.27673e-10 -227436 -4.44635e-09 -5.07981e+08)
(-883300 116967 5.08411e-09 -289347 -6.02782e-10 -5.07963e+08)
(-746286 112067 1.19702e-09 -351352 -1.89873e-10 -5.07946e+08)
(-612856 110132 1.58633e-09 -416404 8.09759e-09 -5.0793e+08)
(-2.0232e+06 68001.3 4.38372e-09 73036.8 1.88534e-09 -5.08142e+08)
(-1.85891e+06 49271.3 1.1424e-10 112813 2.9101e-09 -5.08095e+08)
(-1.70402e+06 51782.1 1.65242e-09 81480.2 -3.51135e-09 -5.08067e+08)
(-1.53499e+06 54217.2 -1.50629e-10 16680.6 -3.83078e-09 -5.08043e+08)
(-1.36298e+06 51563.2 7.24923e-12 -58359.3 1.84211e-10 -5.0802e+08)
(-1.19878e+06 48082.1 3.04707e-09 -134812 3.9711e-09 -5.08e+08)
(-1.04124e+06 44559.4 -1.83533e-10 -205694 -4.65833e-09 -5.0798e+08)
(-892745 42790.6 2.56121e-09 -277973 -1.70702e-11 -5.07962e+08)
(-744598 42527 1.98239e-10 -346230 5.0255e-09 -5.07944e+08)
(-600882 41961.8 5.01572e-11 -416246 2.76456e-09 -5.07927e+08)
(305148 -184987 1.35496e-09 3.26042e+06 4.37965e-09 -5.06869e+08)
(859831 -69131.8 3.00055e-09 1.85693e+06 1.15737e-10 -5.07065e+08)
(1.03343e+06 17753.5 -1.82561e-09 1.07912e+06 1.72623e-09 -5.07205e+08)
(992927 62253.6 0 642666 0 -5.07315e+08)
(859431 81097.9 -4.1092e-09 391693 -1.6074e-10 -5.07404e+08)
(697822 86905 -4.19054e-11 242614 2.89424e-09 -5.07475e+08)
(536427 86886.9 4.47679e-09 150636 1.75636e-10 -5.07534e+08)
(382036 84952.7 2.26792e-09 92052.3 2.65395e-09 -5.07583e+08)
(238412 83055.3 2.60894e-09 54974.3 -1.11067e-09 -5.07625e+08)
(101132 81965.8 2.69953e-10 32765.6 -3.44246e-09 -5.07661e+08)
(385382 -570494 7.93426e-11 3.0562e+06 4.32264e-09 -5.06898e+08)
(789211 31150.9 1.83756e-09 1.74556e+06 -1.75353e-09 -5.07107e+08)
(906151 293423 -1.90335e-09 1.09773e+06 1.58518e-09 -5.0723e+08)
(842094 394426 -1.81294e-09 725569 -2.13091e-10 -5.07331e+08)
(715485 422488 0 498244 0 -5.07412e+08)
(569524 418695 -2.21931e-10 351591 2.8877e-09 -5.0748e+08)
(425712 402610 4.63224e-09 253508 5.47431e-10 -5.07536e+08)
(288515 384548 1.69481e-11 185006 2.00388e-12 -5.07583e+08)
(159600 368784 -1.02722e-08 137510 -1.21565e-09 -5.07624e+08)
(32543.7 357847 1.58971e-10 102622 -1.49531e-09 -5.07661e+08)
(505559 -843791 -4.47226e-10 2.4904e+06 2.09701e-09 -5.07001e+08)
(617559 84634.8 1.90615e-09 1.5821e+06 -1.61801e-09 -5.07185e+08)
(615104 470249 3.21756e-10 1.10465e+06 -1.76659e-09 -5.07295e+08)
(534704 613983 -1.79044e-09 812132 -3.53772e-10 -5.07381e+08)
(422906 652695 0 616553 0 -5.07452e+08)
(307583 646859 -6.67676e-10 478475 2.81773e-09 -5.07511e+08)
(197960 624244 -9.41835e-10 377238 3.97002e-09 -5.0756e+08)
(94040.4 599066 2.81763e-09 300327 -2.05307e-09 -5.07601e+08)
(-5390.1 577121 3.01932e-12 242480 6.00149e-13 -5.07638e+08)
(-113567 562296 -2.95803e-09 194835 1.75661e-09 -5.07674e+08)
(589151 -930772 7.65462e-10 1.68586e+06 -4.22428e-09 -5.07167e+08)
(353096 103926 -1.49083e-09 1.34523e+06 -4.13138e-10 -5.073e+08)
(238445 544605 4.10047e-10 1.09798e+06 -1.74941e-09 -5.07384e+08)
(137201 712713 0 901175 0 -5.07453e+08)
(51139.9 763495 3.01324e-09 747126 4.05973e-09 -5.07508e+08)
(-25291.7 763100 6.37597e-09 622925 1.79344e-09 -5.07554e+08)
(-92038.8 743186 -4.26906e-09 521799 -1.20192e-09 -5.07593e+08)
(-155106 719763 -6.86588e-09 438163 -1.9343e-09 -5.07627e+08)
(-218353 699784 2.79544e-10 370574 -1.18055e-09 -5.07657e+08)
(-303437 687745 7.04768e-10 309157 -2.19081e-09 -5.07691e+08)
(617828 -820298 -1.12766e-09 835146 4.12135e-09 -5.07357e+08)
(60244.1 102656 2.17266e-09 1.04198e+06 2.8651e-09 -5.07438e+08)
(-175166 517586 -6.76974e-10 1.0303e+06 1.66365e-09 -5.07495e+08)
(-280121 693136 3.59794e-09 947358 1.31928e-09 -5.07538e+08)
(-338800 756201 5.52017e-11 845303 2.02836e-11 -5.07575e+08)
(-374363 768104 -3.0608e-09 744158 -4.20951e-09 -5.07607e+08)
(-397884 758842 2.14381e-10 650509 -1.36935e-09 -5.07634e+08)
(-419757 744597 0 566403 0 -5.07658e+08)
(-446058 733134 -5.35415e-09 494210 -6.81916e-10 -5.07681e+08)
(-507502 729312 2.7766e-10 422072 -1.02342e-09 -5.07712e+08)
(536043 -550998 -3.46233e-09 51029.7 5.48672e-09 -5.07557e+08)
(-216376 94337.8 -2.67647e-09 684597 -1.21605e-09 -5.07584e+08)
(-531618 424296 -2.2927e-09 887323 9.2543e-10 -5.0761e+08)
(-650948 581957 -1.65757e-09 915270 -7.59757e-10 -5.07631e+08)
(-686994 653234 1.16922e-09 874418 -2.86699e-09 -5.07649e+08)
(-689336 680032 2.6825e-09 806525 4.41804e-09 -5.07665e+08)
(-675955 686054 2.66057e-11 730844 1.22407e-11 -5.0768e+08)
(-662209 685082 -3.23002e-09 656074 1.33419e-09 -5.07694e+08)
(-656420 685201 2.7959e-12 587706 1.28741e-12 -5.07708e+08)
(-696564 691789 -1.11156e-09 511831 2.57618e-09 -5.07735e+08)
(356851 -186457 -9.65715e-10 -558655 -5.22236e-10 -5.07739e+08)
(-455446 116455 -5.34989e-11 317236 -2.95804e-11 -5.07724e+08)
(-805574 304719 -8.04662e-11 668302 -4.46981e-11 -5.07724e+08)
(-928738 423251 -3.31226e-09 794237 1.95789e-09 -5.07723e+08)
(-951283 493027 3.58658e-09 815494 2.00108e-09 -5.07724e+08)
(-930967 532183 -1.46239e-09 788796 2.49724e-09 -5.07725e+08)
(-892283 553148 2.79426e-09 740855 -4.66535e-09 -5.07727e+08)
(-852516 565273 1.48897e-11 685729 8.32459e-12 -5.07731e+08)
(-821933 575876 -1.56878e-09 631050 -2.26599e-09 -5.07736e+08)
(-844593 590450 -8.65722e-10 560832 1.70379e-09 -5.07758e+08)
(68164.5 210776 2.8338e-09 -982264 -5.77614e-09 -5.07903e+08)
(-665613 167317 -2.4523e-09 -32893.9 -1.62061e-09 -5.07854e+08)
(-993341 203077 1.48024e-09 400659 9.81892e-10 -5.07829e+08)
(-1.10265e+06 263739 -1.45382e-09 595484 -9.66553e-10 -5.07809e+08)
(-1.11512e+06 319818 1.53323e-10 671646 1.02079e-10 -5.07795e+08)
(-1.08266e+06 363169 -2.11134e-09 687551 -4.88338e-09 -5.07783e+08)
(-1.02926e+06 394177 -3.74876e-09 673371 -2.49946e-09 -5.07774e+08)
(-972763 415731 3.78696e-09 645488 2.52586e-09 -5.07768e+08)
(-924417 432033 2.16901e-09 612412 1.44713e-09 -5.07764e+08)
(-931978 448745 2.87978e-09 556880 5.39848e-10 -5.07779e+08)
(-337206 599500 4.62963e-09 -1.21713e+06 -4.50892e-09 -5.08051e+08)
(-874152 252484 4.86494e-09 -324865 1.32861e-09 -5.07969e+08)
(-1.11772e+06 143913 -7.24475e-11 113339 -5.67479e-11 -5.07924e+08)
(-1.1934e+06 138539 5.05632e-10 343750 -3.82424e-09 -5.07888e+08)
(-1.19132e+06 169083 1.99758e-09 460506 -2.36267e-09 -5.07861e+08)
(-1.15072e+06 205926 1.69077e-09 515177 -2.3502e-09 -5.07839e+08)
(-1.09001e+06 239018 3.83064e-09 534890 3.01323e-09 -5.0782e+08)
(-1.02368e+06 263149 -2.47201e-09 536961 2.94497e-09 -5.07805e+08)
(-960608 280870 -2.38483e-09 528669 -4.96123e-09 -5.07792e+08)
(-946435 296717 6.72878e-10 495052 -9.33375e-10 -5.07796e+08)
(-806731 904604 8.79056e-11 -1.23968e+06 7.87881e-11 -5.08165e+08)
(-1.06912e+06 348587 1.20734e-09 -529780 1.10763e-09 -5.08061e+08)
(-1.19093e+06 126299 -1.32969e-09 -150327 1.21193e-09 -5.08002e+08)
(-1.2172e+06 60479.1 5.18469e-10 78321.9 -8.54712e-09 -5.07955e+08)
(-1.19661e+06 59207.6 -4.32126e-11 216925 -3.98146e-11 -5.07918e+08)
(-1.15109e+06 80614.3 -2.17326e-09 298792 1.93006e-09 -5.07889e+08)
(-1.09012e+06 105690 3.20144e-09 347231 6.64916e-09 -5.07864e+08)
(-1.02145e+06 125096 -1.16764e-09 373742 6.65503e-10 -5.07842e+08)
(-943210 142183 -5.54888e-09 391405 -5.12089e-09 -5.0782e+08)
(-884831 158959 6.47521e-09 384842 4.47263e-09 -5.07808e+08)
(-21448 77259.7 5.58673e-09 24252.6 -1.14884e-09 -5.07692e+08)
(-132932 68492.5 1.84256e-10 17831.7 -2.26743e-09 -5.07719e+08)
(-229146 60305 -8.10439e-09 9734.74 -1.10811e-09 -5.07743e+08)
(-311172 52142.6 -2.71682e-09 -5776.59 1.05077e-11 -5.07765e+08)
(-378958 44788.4 -2.14589e-10 -32183 3.45464e-09 -5.07787e+08)
(-433820 37947.4 0 -70839.1 0 -5.07809e+08)
(-477349 32015.7 0 -122190 0 -5.07831e+08)
(-510498 26230.1 2.65191e-09 -186771 -1.0457e-11 -5.07853e+08)
(-534646 20766.7 6.44307e-11 -265046 -1.17544e-09 -5.07877e+08)
(-549034 14825.3 5.23977e-09 -358497 -2.08684e-11 -5.07902e+08)
(-554301 8521.07 1.67157e-10 -468390 -3.56206e-09 -5.07928e+08)
(-547387 1307.58 -6.95823e-11 -597290 1.19336e-09 -5.07956e+08)
(-528354 -6865.59 1.39898e-10 -746879 -3.59761e-09 -5.07987e+08)
(-491126 -16501.9 -7.73911e-09 -921106 3.16528e-11 -5.08018e+08)
(-435455 -27290 2.5293e-09 -1.1219e+06 1.20034e-09 -5.08052e+08)
(-355970 -38484.3 9.14313e-12 -1.35288e+06 -3.80353e-14 -5.08087e+08)
(-255348 -49172.5 -2.54036e-09 -1.61168e+06 1.06451e-11 -5.08123e+08)
(-143960 -55364.7 2.51831e-09 -1.89675e+06 -1.05806e-11 -5.08163e+08)
(-28223.9 -50936.2 -4.97815e-09 -2.18431e+06 -3.68071e-09 -5.08203e+08)
(84262.9 -29267.4 -2.50757e-09 -2.4428e+06 2.52257e-09 -5.08237e+08)
(-80624 335267 8.38084e-09 79417.1 -8.52873e-10 -5.07693e+08)
(-179002 300846 1.73164e-10 58747.6 -2.25754e-09 -5.0772e+08)
(-260571 270555 -2.63459e-09 41610.7 -1.10445e-09 -5.07743e+08)
(-331553 241753 8.36727e-09 19274 -2.39586e-09 -5.07764e+08)
(-391246 216452 1.06515e-10 -11807.4 1.12374e-09 -5.07785e+08)
(-440188 193913 -8.14385e-09 -52967.4 1.25753e-09 -5.07806e+08)
(-479608 174684 2.5601e-10 -105478 -2.34599e-09 -5.07827e+08)
(-509970 156726 0 -169294 0 -5.07849e+08)
(-532450 139925 5.43472e-11 -246110 -1.17293e-09 -5.07872e+08)
(-546120 122091 2.04968e-10 -336140 -2.38575e-09 -5.07896e+08)
(-551523 103135 2.91473e-09 -442442 -5.98583e-09 -5.07922e+08)
(-545555 81050.4 5.259e-11 -565660 -1.3713e-11 -5.07949e+08)
(-527855 55560.1 -2.53824e-09 -710572 -2.35277e-09 -5.07978e+08)
(-493193 25884 2.55085e-09 -878231 -3.04719e-11 -5.08009e+08)
(-439938 -8140.04 2.57587e-09 -1.07437e+06 -4.34086e-11 -5.08042e+08)
(-363538 -44442.7 -2.52544e-09 -1.29944e+06 3.07056e-11 -5.08076e+08)
(-266703 -78856.1 -2.52193e-09 -1.55556e+06 3.0892e-11 -5.08113e+08)
(-159214 -103349 -5.00163e-09 -1.8391e+06 6.15008e-11 -5.08153e+08)
(-45435 -113429 -4.1664e-11 -2.14022e+06 2.89632e-11 -5.08197e+08)
(74213.7 -113703 1.6551e-09 -2.4608e+06 3.63629e-09 -5.08243e+08)
(-209684 530411 2.69595e-09 155204 -4.78635e-11 -5.07705e+08)
(-282207 482934 2.65182e-10 118490 -1.14418e-09 -5.0773e+08)
(-333676 439674 -8.00602e-09 89900.5 1.42318e-10 -5.07749e+08)
(-381025 397634 2.23279e-09 57906.5 1.15159e-09 -5.07767e+08)
(-422840 359347 8.22235e-09 19635 -2.44477e-09 -5.07785e+08)
(-458711 325381 -7.99423e-09 -26211.6 1.30032e-09 -5.07804e+08)
(-488922 295589 -2.77546e-09 -80966.6 8.99764e-11 -5.07824e+08)
(-513182 268329 5.20386e-09 -144960 -9.45116e-11 -5.07844e+08)
(-532035 242171 -4.81537e-09 -219946 -2.31312e-09 -5.07866e+08)
(-544315 215006 -5.25786e-09 -306433 1.39635e-10 -5.07889e+08)
(-550115 185269 5.00062e-09 -407421 -4.86307e-11 -5.07913e+08)
(-546529 151040 7.58649e-09 -523993 -1.19026e-10 -5.07939e+08)
(-532490 110704 4.96371e-11 -661013 -2.257e-11 -5.07968e+08)
(-502543 62877.6 -2.52158e-09 -820320 4.75642e-11 -5.07998e+08)
(-454642 7678.22 2.47054e-09 -1.0083e+06 -2.6415e-11 -5.0803e+08)
(-384411 -51603 8.65077e-12 -1.22677e+06 -1.66305e-13 -5.08064e+08)
(-291863 -109181 -2.48596e-09 -1.4794e+06 4.8197e-11 -5.08101e+08)
(-185570 -153426 2.42767e-09 -1.76519e+06 1.21255e-09 -5.08142e+08)
(-67849.1 -180667 2.37344e-09 -2.0778e+06 6.22914e-09 -5.08187e+08)
(64779.9 -207673 9.21561e-13 -2.42195e+06 -1.39834e-11 -5.08236e+08)
(-379637 656339 0 250454 0 -5.07722e+08)
(-419739 609685 2.4911e-10 196204 -1.12874e-09 -5.07744e+08)
(-432985 565138 2.61048e-09 153668 -5.97582e-11 -5.07757e+08)
(-449122 518920 2.86874e-09 109473 -1.35005e-10 -5.07771e+08)
(-466577 474922 0 61800.9 0 -5.07786e+08)
(-484139 434874 -2.2796e-09 9555.32 -1.13683e-09 -5.07802e+08)
(-500992 399036 -2.94645e-09 -48484.1 2.41451e-09 -5.07819e+08)
(-516038 366002 -5.06681e-09 -113097 1.18281e-10 -5.07837e+08)
(-528943 334017 -3.82956e-10 -185944 1.28959e-09 -5.07857e+08)
(-538265 300678 4.72394e-09 -268000 2.29077e-09 -5.07878e+08)
(-543658 263808 2.20971e-09 -361994 2.36758e-09 -5.07901e+08)
(-542080 220673 4.10482e-10 -469544 -2.53885e-09 -5.07926e+08)
(-532025 168795 -2.0513e-09 -595498 -3.69247e-09 -5.07953e+08)
(-508351 106379 2.32044e-09 -742879 1.20858e-09 -5.07981e+08)
(-467360 32430.1 2.37023e-09 -918652 1.18474e-09 -5.08012e+08)
(-403339 -49457.7 -2.43598e-09 -1.12681e+06 6.04209e-11 -5.08045e+08)
(-315763 -131032 -7.63482e-12 -1.37319e+06 1.91307e-13 -5.08082e+08)
(-210077 -197798 7.22137e-09 -1.65881e+06 1.08159e-09 -5.08124e+08)
(-87267.4 -247519 -2.34803e-09 -1.97909e+06 -1.27636e-09 -5.08169e+08)
(55045 -306318 -2.41695e-09 -2.33966e+06 2.90547e-09 -5.0822e+08)
(-565163 707231 4.95083e-09 346017 2.01301e-09 -5.07743e+08)
(-571500 675560 -4.3977e-10 278185 1.15572e-09 -5.0776e+08)
(-544691 642079 -5.50614e-09 222152 1.3045e-09 -5.07767e+08)
(-526490 601878 2.61145e-09 165588 -1.15824e-09 -5.07776e+08)
(-516252 560312 6.21577e-09 107986 -3.73884e-09 -5.07787e+08)
(-512309 520463 -2.59128e-09 48699.7 1.01605e-10 -5.07799e+08)
(-512855 483653 0 -13196.3 0 -5.07814e+08)
(-516030 449028 2.46013e-09 -78829.3 -6.54604e-11 -5.0783e+08)
(-520583 415110 -6.75207e-10 -149677 3.64859e-09 -5.07847e+08)
(-524805 379368 -2.72048e-09 -227156 1.33346e-09 -5.07866e+08)
(-527781 339306 -4.33623e-09 -313530 -2.42649e-09 -5.07886e+08)
(-526876 291617 -4.76724e-09 -410949 -1.03455e-09 -5.07909e+08)
(-520229 232823 6.49369e-09 -523812 3.77659e-09 -5.07933e+08)
(-502192 159542 7.05206e-09 -656075 1.0669e-09 -5.0796e+08)
(-469023 69990.3 1.49167e-10 -815587 -1.31276e-09 -5.07989e+08)
(-414114 -32653.4 -2.24697e-09 -1.00844e+06 -1.25121e-09 -5.08021e+08)
(-332795 -139659 1.83263e-10 -1.24224e+06 -2.64611e-09 -5.08056e+08)
(-229060 -233054 7.31151e-11 -1.52139e+06 -1.32664e-09 -5.08096e+08)
(-103485 -310184 4.7475e-09 -1.8427e+06 -2.70952e-09 -5.08141e+08)
(44758.6 -406484 2.34561e-09 -2.21173e+06 9.20711e-10 -5.08192e+08)
(-740543 684795 2.77667e-09 424588 4.9761e-10 -5.07765e+08)
(-717457 679740 1.1237e-10 351815 -3.05533e-11 -5.07777e+08)
(-654932 668398 -2.87463e-09 285429 1.21379e-09 -5.07778e+08)
(-603774 644076 -8.1379e-09 218386 2.52777e-09 -5.07781e+08)
(-565782 612901 2.56464e-09 151850 -1.16597e-09 -5.07788e+08)
(-539387 579478 4.96035e-09 85992.7 -1.75714e-10 -5.07797e+08)
(-522168 546545 -2.40653e-09 20300.6 6.6164e-11 -5.07808e+08)
(-511601 514322 1.97394e-09 -46516.8 1.20883e-09 -5.07821e+08)
(-505606 482026 3.49162e-09 -115763 -3.93722e-09 -5.07836e+08)
(-502221 447386 -6.96856e-09 -189069 1.47121e-10 -5.07852e+08)
(-500164 407983 -2.49989e-09 -268298 1.66282e-10 -5.0787e+08)
(-497027 359876 1.11881e-08 -355640 2.23353e-09 -5.07889e+08)
(-491079 298855 1.34275e-09 -455045 6.39653e-09 -5.07911e+08)
(-477796 220131 -6.93177e-09 -570486 2.00156e-10 -5.07934e+08)
(-452688 119718 -2.15654e-09 -709905 -1.24487e-09 -5.07961e+08)
(-407702 -1029.58 -4.91416e-09 -880213 2.91126e-09 -5.0799e+08)
(-338624 -133408 -5.60296e-11 -1.09293e+06 8.39788e-11 -5.08023e+08)
(-243474 -257124 6.92386e-09 -1.35459e+06 -1.54324e-09 -5.08061e+08)
(-119456 -367245 2.24481e-09 -1.66882e+06 1.26704e-09 -5.08105e+08)
(32402.1 -504662 1.09327e-11 -2.03694e+06 -2.68195e-09 -5.08155e+08)
(-882391 599215 -2.73742e-09 472471 -5.77866e-10 -5.07787e+08)
(-839694 626890 2.2712e-09 406946 -2.84289e-11 -5.07792e+08)
(-751509 645426 6.52619e-10 335785 -1.18875e-09 -5.07788e+08)
(-673227 645003 -2.37481e-09 261950 6.134e-11 -5.07787e+08)
(-610622 631082 -9.32025e-10 188789 2.38791e-09 -5.0779e+08)
(-563134 609368 4.43236e-10 117807 -1.21499e-09 -5.07795e+08)
(-528304 584257 3.33109e-09 49081.4 -2.63402e-09 -5.07803e+08)
(-503160 557480 -5.90542e-09 -18739.2 3.99174e-09 -5.07813e+08)
(-485033 529384 -3.47734e-09 -86695.1 2.88976e-09 -5.07824e+08)
(-471692 498310 5.70629e-09 -156624 -4.10784e-09 -5.07837e+08)
(-461487 462259 -6.20374e-10 -229832 2.61396e-09 -5.07852e+08)
(-452609 417151 6.68588e-09 -308602 -1.79352e-10 -5.07868e+08)
(-443551 358350 2.86075e-09 -395628 -2.84965e-09 -5.07886e+08)
(-430521 279318 -6.39202e-09 -494514 -1.22244e-09 -5.07906e+08)
(-411305 174218 3.73608e-09 -612001 4.11875e-09 -5.07928e+08)
(-379486 41125.7 1.12542e-10 -754359 -1.5919e-10 -5.07954e+08)
(-329025 -113945 -6.85213e-09 -933981 2.94124e-09 -5.07984e+08)
(-252556 -269939 2.20206e-09 -1.16161e+06 -6.52395e-11 -5.08019e+08)
(-143961 -419198 2.26199e-09 -1.45575e+06 -1.48975e-09 -5.08061e+08)
(12377.5 -598980 7.77588e-12 -1.8181e+06 -1.41946e-09 -5.08109e+08)
(-970765 469588 1.41363e-10 480979 -3.11302e-11 -5.07805e+08)
(-922759 528989 -2.16449e-09 435351 1.48807e-11 -5.07805e+08)
(-823791 581012 -1.69842e-09 367748 -1.10097e-09 -5.07798e+08)
(-729003 609496 0 292449 0 -5.07793e+08)
(-648429 618516 0 216133 0 -5.07792e+08)
(-583590 612549 -5.07519e-09 142138 1.38592e-09 -5.07794e+08)
(-532831 598661 6.30901e-09 71490.1 -2.64125e-11 -5.07799e+08)
(-493453 579443 1.177e-08 2790.34 -1.71313e-09 -5.07806e+08)
(-462285 557445 -1.03189e-08 -63735 -8.34895e-11 -5.07814e+08)
(-437451 531429 -7.20271e-09 -131890 1.67665e-09 -5.07824e+08)
(-416233 500462 4.30165e-09 -199738 -9.68621e-11 -5.07834e+08)
(-398126 460491 1.7155e-09 -273530 1.38969e-09 -5.07847e+08)
(-380448 406929 9.8028e-10 -349435 -4.22645e-09 -5.07861e+08)
(-363974 332502 5.11722e-09 -437512 -4.43353e-09 -5.07877e+08)
(-344850 229221 1.50318e-10 -531378 -1.94063e-10 -5.07895e+08)
(-324278 92354.8 -5.36385e-09 -647590 -7.07805e-09 -5.07917e+08)
(-293225 -76406.3 0 -777584 0 -5.07939e+08)
(-250715 -261199 -2.34215e-10 -959884 2.97237e-09 -5.07972e+08)
(-167554 -453978 5.73858e-11 -1.19252e+06 -1.436e-09 -5.08006e+08)
(-14081 -692752 2.63534e-11 -1.56795e+06 -4.38531e-09 -5.08057e+08)
(-987787 324836 -1.57218e-10 445611 3.13663e-11 -5.07817e+08)
(-947774 412199 7.36677e-10 431245 -1.11383e-09 -5.07812e+08)
(-857246 494475 -8.65178e-10 376635 1.1928e-09 -5.07803e+08)
(-762927 554052 -8.36436e-10 306617 1.23413e-09 -5.07798e+08)
(-675337 588417 3.73573e-09 231852 -2.58175e-09 -5.07795e+08)
(-600244 602816 1.69814e-09 156825 -2.68814e-09 -5.07795e+08)
(-536751 602856 -3.31806e-09 84459.5 2.60661e-09 -5.07797e+08)
(-484470 594569 -3.11498e-09 15927.8 -2.50459e-09 -5.078e+08)
(-440563 580268 1.46502e-09 -51419.9 3.31762e-10 -5.07806e+08)
(-402898 561543 3.24807e-09 -116472 2.61161e-09 -5.07812e+08)
(-369591 536833 -1.63843e-09 -184137 4.43544e-09 -5.0782e+08)
(-338642 504043 9.28981e-11 -251337 -7.83247e-11 -5.07828e+08)
(-310098 457627 -5.69458e-09 -325584 -1.34503e-09 -5.07839e+08)
(-281939 391697 -1.33327e-10 -399143 1.53036e-10 -5.07849e+08)
(-258584 296278 4.95243e-10 -483941 -2.8758e-09 -5.07864e+08)
(-237008 166745 -8.16265e-11 -562382 1.40003e-10 -5.07877e+08)
(-224155 -3685.21 7.8782e-09 -656448 1.40735e-09 -5.07896e+08)
(-205403 -201250 -1.02504e-10 -750094 1.43726e-09 -5.07913e+08)
(-145314 -439101 -8.20878e-09 -917363 1.71408e-09 -5.07938e+08)
(-20420.1 -786847 -1.3681e-09 -1.26281e+06 1.78375e-09 -5.07988e+08)
(-941529 191833 2.71059e-11 350535 3.95154e-10 -5.07829e+08)
(-918105 300080 -6.4168e-10 355458 1.5177e-09 -5.07822e+08)
(-852596 403029 1.85926e-09 327212 -4.12523e-10 -5.07814e+08)
(-772026 487697 -6.39986e-09 280252 -3.4056e-10 -5.07806e+08)
(-688003 548324 -5.64624e-09 219098 7.53154e-10 -5.07801e+08)
(-607436 586021 4.76517e-09 150329 9.85606e-10 -5.07798e+08)
(-534528 605273 5.52782e-09 80557.7 1.5935e-09 -5.07797e+08)
(-470365 611304 5.65301e-09 11588.8 -3.31105e-10 -5.07798e+08)
(-414077 608770 -3.85445e-09 -55284.2 1.96829e-09 -5.07801e+08)
(-363569 599092 1.62114e-10 -121418 2.56908e-10 -5.07804e+08)
(-317203 583465 -5.68969e-10 -187666 -7.18946e-10 -5.07809e+08)
(-272795 558424 -5.58784e-09 -255213 2.63546e-10 -5.07814e+08)
(-230130 522011 0 -324833 0 -5.0782e+08)
(-188562 465122 9.43395e-10 -394945 4.77471e-09 -5.07827e+08)
(-151699 383417 -1.2196e-10 -464210 -1.93763e-10 -5.07834e+08)
(-122935 265580 -6.61556e-10 -522184 4.8585e-09 -5.07841e+08)
(-109275 111144 1.84096e-09 -567862 -2.05033e-10 -5.07849e+08)
(-92618.9 -89146.7 2.16528e-10 -590780 -3.32031e-09 -5.0785e+08)
(-63149 -376569 -3.27616e-11 -665354 -1.92514e-10 -5.0786e+08)
(-9051.73 -843352 -2.45256e-11 -857972 2.91511e-09 -5.07892e+08)
(-739542 177674 2.46658e-09 277321 8.30561e-11 -5.07799e+08)
(-762295 265295 -6.67205e-10 281186 1.68695e-09 -5.07803e+08)
(-749545 357762 -1.12373e-09 266804 6.9519e-11 -5.07804e+08)
(-703137 440617 5.93624e-10 232562 -1.70279e-09 -5.07801e+08)
(-640070 507770 6.52416e-10 179916 5.1776e-09 -5.07798e+08)
(-570181 555375 1.9794e-10 116190 3.37474e-09 -5.07797e+08)
(-500603 586155 -2.24096e-09 48467.5 1.7177e-09 -5.07797e+08)
(-434526 602857 -1.31728e-09 -20425.3 -1.71538e-09 -5.07797e+08)
(-372387 609657 2.9755e-09 -87149.1 -5.1541e-09 -5.07798e+08)
(-314135 608235 -3.73594e-10 -154720 -4.53714e-11 -5.07801e+08)
(-257386 599292 9.94435e-10 -219725 -3.37786e-09 -5.07802e+08)
(-202604 581187 -2.98618e-10 -288170 -5.22239e-11 -5.07806e+08)
(-146857 550297 0 -352042 0 -5.07807e+08)
(-93919.5 501514 -2.17334e-10 -419067 1.69555e-09 -5.07811e+08)
(-42955.5 428026 1.80869e-10 -470602 -1.68698e-09 -5.07811e+08)
(-4817.82 325037 -1.53153e-10 -513840 -8.29419e-11 -5.07812e+08)
(22895.2 184626 -1.65218e-09 -513716 -1.65882e-09 -5.07806e+08)
(29681 -8377.71 8.39672e-11 -492711 1.06315e-10 -5.07799e+08)
(42065.5 -305587 5.05165e-11 -438702 1.19864e-10 -5.07784e+08)
(21536.7 -829865 5.61557e-12 -406062 1.34535e-10 -5.07781e+08)
(-665012 216449 1.68125e-09 155339 -6.75234e-10 -5.0781e+08)
(-647577 275207 0 182780 0 -5.078e+08)
(-636622 346281 -1.75956e-09 185111 2.39895e-12 -5.07797e+08)
(-601953 414696 2.96776e-23 166013 -6.09113e-24 -5.07793e+08)
(-550967 473021 -3.15122e-24 126715 -1.21261e-23 -5.0779e+08)
(-490774 517848 1.24426e-23 72993.2 -2.34892e-23 -5.07789e+08)
(-426913 549124 2.43881e-23 11324.5 -1.21317e-23 -5.07788e+08)
(-362580 568630 -1.76049e-09 -53556.7 2.16314e-12 -5.07788e+08)
(-299061 578479 0 -119037 0 -5.07789e+08)
(-236321 579987 1.76093e-09 -184030 -2.53944e-12 -5.07789e+08)
(-173812 573182 -1.82104e-23 -248134 -6.81321e-24 -5.0779e+08)
(-110982 556505 -1.76136e-09 -310658 3.20262e-12 -5.0779e+08)
(-47925.3 526836 1.76158e-09 -370084 -3.67817e-12 -5.07789e+08)
(14168.9 479531 1.20748e-23 -422560 -1.2122e-23 -5.07787e+08)
(71723.6 409882 -1.76197e-09 -461996 5.04924e-12 -5.07782e+08)
(118330 314103 -1.21043e-23 -477354 2.36556e-25 -5.07775e+08)
(146539 186081 1.76217e-09 -453878 -7.14319e-12 -5.07763e+08)
(161174 6505.22 1.76214e-09 -371550 -8.625e-12 -5.07741e+08)
(136044 -277376 -1.21365e-23 -231904 -6.37683e-24 -5.07714e+08)
(41279.3 -756182 -4.03139e-24 22249.3 -6.35728e-24 -5.07678e+08)
(-600598 249867 1.76404e-09 70128.1 1.75953e-09 -5.07815e+08)
(-565019 285838 4.51298e-12 103311 1.76214e-09 -5.07799e+08)
(-549794 337539 -1.75508e-09 107777 1.76457e-09 -5.07794e+08)
(-517660 389454 0 94879.9 0 -5.0779e+08)
(-471613 435540 1.76539e-09 64794.1 1.7597e-09 -5.07786e+08)
(-415732 472560 1.77134e-09 20942.8 3.52135e-09 -5.07783e+08)
(-353866 499527 -1.75474e-09 -32016.1 1.76389e-09 -5.07781e+08)
(-288915 516886 -1.74878e-09 -89955.7 3.52519e-09 -5.0778e+08)
(-222427 525556 1.76094e-09 -149788 -2.53774e-12 -5.07778e+08)
(-155072 526071 1.28149e-11 -209619 3.52195e-09 -5.07776e+08)
(-86904.8 518009 6.63771e-12 -267650 1.76077e-09 -5.07774e+08)
(-18207.6 499807 1.37495e-11 -322262 3.52113e-09 -5.07771e+08)
(50389.6 468579 1.42302e-11 -370264 3.52077e-09 -5.07766e+08)
(116898 420513 7.35242e-12 -407305 1.76023e-09 -5.07759e+08)
(177524 351911 1.51559e-11 -425584 3.52027e-09 -5.0775e+08)
(226105 260951 1.55641e-11 -414568 3.52025e-09 -5.07736e+08)
(255956 142738 -1.76238e-09 -357780 6.96526e-12 -5.07716e+08)
(252460 -22078.4 8.08429e-12 -236575 1.76058e-09 -5.07689e+08)
(198564 -266611 8.11772e-12 -16033 1.76121e-09 -5.0765e+08)
(55706.1 -642235 -7.99828e-13 380811 1.76238e-09 -5.07592e+08)
(-542788 262459 6.79225e-09 6427.59 -2.40747e-09 -5.07816e+08)
(-502064 283026 -4.4648e-12 43704.5 -1.76193e-09 -5.07798e+08)
(-480668 318778 -3.51551e-09 50275.6 1.76685e-09 -5.07792e+08)
(-446483 355840 5.93574e-23 40917.6 -1.82369e-23 -5.07786e+08)
(-401079 389309 3.52575e-09 16528.8 1.75699e-09 -5.07781e+08)
(-346447 416681 0 -20550 0 -5.07777e+08)
(-285038 436697 -5.50259e-12 -66932.2 -1.76146e-09 -5.07774e+08)
(-219090 449087 -3.52184e-09 -118993 5.16537e-12 -5.0777e+08)
(-150276 453923 7.2655e-23 -173583 -2.43094e-23 -5.07767e+08)
(-79658.8 451116 3.52276e-09 -227859 -5.92499e-12 -5.07763e+08)
(-8053.78 439907 6.29262e-12 -279299 1.76067e-09 -5.07759e+08)
(63655.1 418718 -1.21055e-23 -324786 -5.61725e-25 -5.07753e+08)
(133926 385028 -7.26288e-23 -360513 1.65421e-25 -5.07745e+08)
(200207 335729 -6.86375e-12 -380574 -1.76024e-09 -5.07734e+08)
(258105 268275 -3.63215e-23 -377328 1.06262e-25 -5.0772e+08)
(301303 181964 -3.52497e-09 -339226 1.17444e-11 -5.07701e+08)
(320541 74264.1 2.34313e-23 -251374 -1.21831e-23 -5.07676e+08)
(306465 -65267.3 3.53182e-09 -89602 1.74559e-09 -5.07642e+08)
(223092 -259461 7.14485e-12 177346 1.76171e-09 -5.076e+08)
(50482.9 -522456 -3.9756e-13 629357 1.76305e-09 -5.07535e+08)
(-488318 253381 -8.25898e-12 -39096 -3.5234e-09 -5.07814e+08)
(-445623 261982 1.75593e-09 1512.66 -1.76424e-09 -5.07795e+08)
(-421753 285571 -8.93073e-12 9933.56 -3.52355e-09 -5.07787e+08)
(-385769 310578 1.17424e-23 3132.83 6.0347e-24 -5.07781e+08)
(-339685 332981 1.75088e-09 -17505.9 -3.52578e-09 -5.07775e+08)
(-284933 350894 -1.76569e-09 -49909.9 -1.75894e-09 -5.0777e+08)
(-223266 363255 -1.76606e-09 -91309.1 -1.7587e-09 -5.07765e+08)
(-156505 369533 -1.06735e-11 -138470 -3.52233e-09 -5.0776e+08)
(-86321.2 369393 1.76133e-09 -188066 -2.93991e-12 -5.07756e+08)
(-14157.3 362378 1.7559e-09 -236763 -1.76394e-09 -5.0775e+08)
(58594.1 347578 -1.16571e-11 -281128 -3.52123e-09 -5.07744e+08)
(130320 323527 -1.768e-09 -317222 -1.75672e-09 -5.07735e+08)
(198763 288158 -1.77446e-09 -340208 -3.51657e-09 -5.07725e+08)
(260618 239091 -6.23785e-12 -343679 -1.76029e-09 -5.07711e+08)
(310972 174922 1.74986e-09 -319316 -3.52573e-09 -5.07694e+08)
(343749 96929.7 -6.35776e-12 -255964 -1.76045e-09 -5.07672e+08)
(351074 5448.54 3.91345e-25 -139757 -1.39959e-27 -5.07644e+08)
(315261 -107978 1.74968e-09 47359.8 -3.52959e-09 -5.07609e+08)
(216237 -247041 -1.22596e-11 336024 -3.52427e-09 -5.07565e+08)
(41887.8 -407965 1.41214e-13 781918 -3.52693e-09 -5.07502e+08)
(-430292 225537 5.47488e-11 -69909.6 2.28629e-09 -5.07808e+08)
(-393781 225727 4.00424e-12 -28252.5 1.76165e-09 -5.0779e+08)
(-368379 239547 -1.76044e-09 -17218.3 2.50296e-12 -5.07781e+08)
(-331694 254814 0 -21382.2 0 -5.07774e+08)
(-285373 267914 1.76068e-09 -38919.8 -2.6177e-12 -5.07767e+08)
(-230675 277367 1.75622e-09 -67673.4 -1.76412e-09 -5.07761e+08)
(-169099 282409 -1.75627e-09 -105044 1.76408e-09 -5.07756e+08)
(-102318 282557 -1.76126e-09 -147915 2.95055e-12 -5.0775e+08)
(-32078.2 277400 1.76148e-09 -192820 -3.12138e-12 -5.07744e+08)
(39843.8 266385 -5.1753e-12 -235987 -1.76075e-09 -5.07738e+08)
(111537 248651 6.00434e-24 -273349 -2.38591e-23 -5.0773e+08)
(180751 222988 -5.40359e-12 -300241 -1.76047e-09 -5.0772e+08)
(244595 187864 0 -311193 0 -5.07708e+08)
(299150 141815 5.55229e-12 -299408 1.76037e-09 -5.07692e+08)
(339273 84612.1 0 -256535 0 -5.07673e+08)
(359031 18476.9 -5.55329e-12 -172460 -1.76066e-09 -5.07649e+08)
(350739 -54197.3 -1.76238e-09 -36157 5.85694e-12 -5.0762e+08)
(304177 -133653 6.0156e-24 166562 -1.21475e-23 -5.07584e+08)
(196659 -223306 -3.59069e-26 454725 -1.21317e-23 -5.07542e+08)
(27662.3 -310218 -2.01956e-24 861233 -1.21153e-23 -5.07487e+08)
(-367938 184827 1.71297e-09 -90398.5 -4.89211e-10 -5.07798e+08)
(-338922 178512 -3.63721e-12 -47662.5 -1.76156e-09 -5.07782e+08)
(-315593 184315 -1.7606e-09 -34059.9 2.51519e-12 -5.07773e+08)
(-280584 191445 3.04536e-23 -35405.9 -1.81971e-23 -5.07765e+08)
(-235666 196596 -1.80143e-23 -49900.9 -1.77684e-23 -5.07758e+08)
(-182237 198623 -4.20978e-12 -75344.4 -1.76136e-09 -5.07752e+08)
(-121873 197058 -4.33199e-12 -109126 -1.76122e-09 -5.07746e+08)
(-56329.9 191632 -1.76138e-09 -148101 3.11655e-12 -5.07739e+08)
(12476 182058 0 -188621 0 -5.07733e+08)
(82453.8 167907 1.75716e-09 -226586 -1.76422e-09 -5.07726e+08)
(151242 148538 -4.23937e-23 -257429 1.2208e-23 -5.07717e+08)
(216079 123115 -1.76701e-09 -276018 -1.75656e-09 -5.07706e+08)
(273599 90728.8 1.76236e-09 -276482 -4.21446e-12 -5.07693e+08)
(319535 50699.2 -4.86055e-12 -251996 -1.76048e-09 -5.07677e+08)
(348732 3756.52 -1.7625e-09 -194704 4.81583e-12 -5.07657e+08)
(356258 -46503 -4.78353e-12 -95909.9 -1.76087e-09 -5.07632e+08)
(337034 -96231.1 1.76227e-09 52533.3 -5.35449e-12 -5.07602e+08)
(279355 -146910 1.76195e-09 257931 -5.58186e-12 -5.07568e+08)
(171827 -192717 3.05032e-26 532167 1.21333e-23 -5.0753e+08)
(17717.8 -222801 -4.03375e-24 894741 1.21813e-23 -5.07482e+08)
(-300361 138256 -3.05634e-12 -102642 -1.76138e-09 -5.07785e+08)
(-281807 126277 -3.22547e-12 -59389.6 -1.76148e-09 -5.07771e+08)
(-262081 124547 -3.38118e-12 -42752.8 -1.76151e-09 -5.07763e+08)
(-230583 124145 0 -40963 0 -5.07755e+08)
(-188805 122080 -3.65014e-12 -52307.5 -1.76142e-09 -5.07748e+08)
(-138186 117427 0 -74545.7 0 -5.07741e+08)
(-80476.9 109979 -3.86968e-12 -104999 -1.7612e-09 -5.07735e+08)
(-17611.3 99720.1 0 -140424 0 -5.07729e+08)
(48285 86603.3 0 -177009 0 -5.07722e+08)
(114837 70460.9 0 -210393 0 -5.07714e+08)
(179338 50975.6 -4.16318e-12 -235696 -1.76064e-09 -5.07705e+08)
(238661 27762.9 0 -247483 0 -5.07694e+08)
(289140 484.474 0 -239741 0 -5.07681e+08)
(326410 -30777.5 -4.19659e-12 -205894 -1.7606e-09 -5.07664e+08)
(345717 -64605 0 -138857 0 -5.07645e+08)
(343110 -97527.3 0 -31755.4 0 -5.0762e+08)
(314823 -125554 0 120232 0 -5.07592e+08)
(254791 -145332 -3.86851e-12 320857 -1.76206e-09 -5.07559e+08)
(151721 -156331 -3.77219e-12 576484 -1.76283e-09 -5.07524e+08)
(9687.46 -148016 -5.86894e-13 897313 -1.7638e-09 -5.07483e+08)
(-230518 91473.8 -1.71302e-09 -107154 2.17462e-09 -5.0777e+08)
(-221538 73521.9 0 -63208.2 0 -5.07758e+08)
(-207289 64281.6 2.95307e-12 -43858.4 1.76146e-09 -5.0775e+08)
(-180907 56472.9 0 -39077 0 -5.07743e+08)
(-143742 47506.1 3.20874e-12 -47413.1 1.7614e-09 -5.07736e+08)
(-97372.3 36658.3 3.31328e-12 -66672.8 1.76131e-09 -5.0773e+08)
(-43733.7 23936.9 0 -94131.2 0 -5.07724e+08)
(15058.3 9567.57 0 -126474 0 -5.07718e+08)
(76704.3 -6213.23 0 -159780 0 -5.07711e+08)
(138639 -23251.9 3.58319e-12 -189545 1.76079e-09 -5.07704e+08)
(197933 -41460.3 3.61145e-12 -210713 1.76069e-09 -5.07695e+08)
(251238 -60759.9 3.6217e-12 -217703 1.76063e-09 -5.07685e+08)
(294754 -80955.9 0 -204520 0 -5.07671e+08)
(324203 -101518 0 -164932 0 -5.07656e+08)
(335301 -120827 0 -92796.6 0 -5.07636e+08)
(325247 -135352 3.45082e-12 17093.1 1.7612e-09 -5.07613e+08)
(292540 -141394 0 167321 0 -5.07586e+08)
(231523 -138545 3.27228e-12 357840 1.76218e-09 -5.07556e+08)
(134053 -119940 3.20172e-12 591328 1.76288e-09 -5.07525e+08)
(5311.1 -77872.7 7.59771e-13 879549 1.76375e-09 -5.07488e+08)
(-161088 48279.3 -5.19053e-09 -103061 7.52652e-10 -5.07753e+08)
(-161013 23865.5 2.38566e-12 -59024.5 1.76138e-09 -5.07743e+08)
(-152332 6722.22 5.67806e-24 -37526.2 5.66319e-24 -5.07736e+08)
(-131594 -8560.6 1.17495e-23 -30328.5 1.20824e-23 -5.0773e+08)
(-99908.3 -24230.8 1.76117e-09 -36174 -2.94356e-12 -5.07724e+08)
(-58886.2 -40862 -1.75842e-09 -52938.1 1.76447e-09 -5.07718e+08)
(-10552.7 -58315.3 -1.75849e-09 -77916.1 1.76457e-09 -5.07713e+08)
(42897.4 -76156.9 0 -107805 0 -5.07707e+08)
(99117 -93878.4 1.76179e-09 -138694 -3.70922e-12 -5.07701e+08)
(155491 -110957 1.76504e-09 -166069 1.75699e-09 -5.07695e+08)
(209026 -126873 -6.07391e-24 -184832 -1.21063e-23 -5.07687e+08)
(256291 -141073 -1.75916e-09 -189370 1.76477e-09 -5.07677e+08)
(293459 -152927 -1.76233e-09 -173744 4.12454e-12 -5.07665e+08)
(316375 -161570 3.02333e-12 -132027 1.76081e-09 -5.0765e+08)
(321199 -165490 1.76232e-09 -58759.7 -4.1164e-12 -5.07632e+08)
(306002 -162411 2.90049e-12 49940.8 1.7613e-09 -5.0761e+08)
(270184 -149929 3.71822e-25 194435 -1.21033e-23 -5.07585e+08)
(210422 -124314 1.76167e-09 372657 -3.61847e-12 -5.07558e+08)
(121090 -82712.9 -1.89518e-26 586789 -1.23303e-23 -5.07529e+08)
(3400.25 -15213 -2.01837e-24 843943 -3.81953e-25 -5.07497e+08)
(-94425.2 9835.67 1.76123e-09 -89245.4 -1.77417e-12 -5.07735e+08)
(-101480 -21375 -1.19427e-23 -46225.8 -2.42339e-23 -5.07726e+08)
(-97782.6 -46263.3 -1.76117e-09 -23844.9 2.45399e-12 -5.0772e+08)
(-82464.1 -68724.5 0 -15306.3 0 -5.07715e+08)
(-56614.8 -90629.4 1.76128e-09 -19530.7 -2.99765e-12 -5.0771e+08)
(-21737.3 -112481 1.76138e-09 -34494.7 -3.24185e-12 -5.07705e+08)
(20190.5 -134072 -1.76151e-09 -57625.8 3.4649e-12 -5.07701e+08)
(67095.8 -154833 -1.76166e-09 -85772.9 3.66183e-12 -5.07697e+08)
(116767 -173985 1.76182e-09 -115210 -3.8272e-12 -5.07692e+08)
(166744 -190630 -2.40248e-23 -141564 2.42477e-23 -5.07686e+08)
(214135 -203768 -3.5567e-25 -159844 2.38506e-23 -5.0768e+08)
(255592 -212344 1.19523e-23 -164467 1.20683e-23 -5.07671e+08)
(287323 -215292 -1.76888e-26 -149512 -1.2096e-23 -5.07661e+08)
(305238 -211593 3.65402e-23 -109108 -2.47156e-23 -5.07647e+08)
(305676 -200160 -1.21473e-23 -38123.2 -1.20713e-23 -5.07631e+08)
(286965 -179664 1.21377e-23 66618.4 6.02472e-24 -5.07611e+08)
(249521 -149058 -1.76191e-09 204570 3.40494e-12 -5.07588e+08)
(191984 -107769 1.5965e-26 371815 1.21302e-23 -5.07562e+08)
(107678 -47078.5 -1.20835e-23 565215 1.21522e-23 -5.07537e+08)
(1455.05 44342.8 7.48543e-27 793810 1.2139e-23 -5.07509e+08)
(-32338.3 -24014.4 -5.17813e-09 -66009.8 6.01753e-10 -5.07715e+08)
(-43436.4 -61839.5 -6.03299e-24 -25319.2 1.81935e-23 -5.07708e+08)
(-43275.5 -93748.6 -1.83379e-25 -3707.4 1.21249e-23 -5.07703e+08)
(-32709.4 -122484 1.25149e-23 4767.82 -1.94883e-26 -5.07699e+08)
(-12733.3 -149638 1.76138e-09 1141.04 -3.04339e-12 -5.07695e+08)
(15299 -175777 -1.76146e-09 -12743.5 3.31879e-12 -5.07692e+08)
(49698.9 -200750 -1.76157e-09 -34577.7 3.56414e-12 -5.07689e+08)
(88738.3 -223895 0 -61602.7 0 -5.07686e+08)
(130620 -244196 1.76183e-09 -90449.5 -3.9379e-12 -5.07683e+08)
(173239 -260337 1.76197e-09 -117114 -4.05169e-12 -5.07679e+08)
(214056 -270805 1.50884e-26 -136807 1.19253e-23 -5.07674e+08)
(249944 -273980 -1.76219e-09 -144072 4.09712e-12 -5.07668e+08)
(277252 -268302 -1.76226e-09 -132903 4.01655e-12 -5.07659e+08)
(291866 -252493 1.21063e-23 -97238.2 -2.65299e-26 -5.07647e+08)
(289948 -225793 1.76221e-09 -31596.6 -3.63279e-12 -5.07633e+08)
(269664 -188574 -3.9126e-25 67454.3 7.40472e-28 -5.07615e+08)
(231249 -141973 3.91214e-25 198832 -6.60817e-28 -5.07593e+08)
(173021 -84086.2 1.76159e-09 356471 -2.54241e-12 -5.0757e+08)
(95762.4 -9629.59 -1.20858e-23 536050 1.21476e-23 -5.07547e+08)
(1557.68 95770 8.49107e-27 733112 1.21379e-23 -5.07523e+08)
(26953.4 -55676.9 5.85354e-11 -34099.8 2.61269e-10 -5.07694e+08)
(13749.2 -98677.5 1.30201e-12 1814.37 1.76141e-09 -5.07689e+08)
(12698.8 -135863 -1.76143e-09 20786.2 2.38229e-12 -5.07685e+08)
(19546.8 -168964 0 27736.5 0 -5.07681e+08)
(33669.6 -199587 1.76148e-09 23802.2 -3.08282e-12 -5.07679e+08)
(54007.8 -228528 1.75975e-09 10549.2 -1.76478e-09 -5.07677e+08)
(79465.8 -255824 -1.75975e-09 -10217.1 1.76497e-09 -5.07676e+08)
(108998 -280767 -1.75788e-09 -36392 3.52633e-09 -5.07676e+08)
(141473 -302085 1.76184e-09 -65220 -4.043e-12 -5.07675e+08)
(175428 -318019 -1.93949e-12 -93235.4 -1.76102e-09 -5.07673e+08)
(208842 -326488 -4.1755e-25 -115996 -2.42414e-23 -5.07671e+08)
(239068 -325254 -1.86459e-12 -128241 -1.76088e-09 -5.07667e+08)
(262729 -312126 3.62311e-12 -123880 3.52174e-09 -5.0766e+08)
(275778 -285394 1.75963e-12 -96412.2 1.76093e-09 -5.07651e+08)
(273959 -244390 3.43484e-12 -39484.6 3.52217e-09 -5.07638e+08)
(254303 -190411 -1.69023e-12 51574.1 -1.76135e-09 -5.07622e+08)
(216018 -126578 -1.76185e-09 177008 2.55623e-12 -5.07602e+08)
(159859 -55501.8 0 330937 0 -5.07579e+08)
(84275.5 29244.8 -1.20992e-23 499945 1.00847e-26 -5.07557e+08)
(220.775 140049 0 670766 0 -5.07537e+08)
(85432.8 -87488.5 1.69614e-09 3197.87 -2.26017e-10 -5.07672e+08)
(74627.8 -133360 -9.96996e-13 32165.9 -1.76144e-09 -5.07668e+08)
(73827.3 -172871 -1.76157e-09 46234.5 2.35326e-12 -5.07665e+08)
(77769.2 -207339 1.17435e-23 50337 1.20825e-23 -5.07663e+08)
(85615.7 -238721 8.41469e-24 45589.6 5.85198e-24 -5.07662e+08)
(96899.5 -268385 -1.58395e-12 33128.2 -1.76142e-09 -5.07662e+08)
(111439 -296574 3.52172e-09 13742.1 -1.76883e-09 -5.07663e+08)
(129281 -322591 -1.76177e-09 -11279.6 3.96935e-12 -5.07665e+08)
(150172 -344812 -3.52369e-09 -40223.8 8.28558e-12 -5.07667e+08)
(173508 -361015 1.76019e-09 -70078.7 -1.76533e-09 -5.07668e+08)
(197921 -368593 5.90896e-26 -97046.9 3.63647e-23 -5.07669e+08)
(221506 -364646 1.76046e-09 -116000 -1.76509e-09 -5.07668e+08)
(241485 -346379 1.76215e-09 -121030 -3.961e-12 -5.07665e+08)
(254212 -311189 -1.48632e-12 -105179 -1.76093e-09 -5.07658e+08)
(255170 -257970 -1.76214e-09 -60849.8 3.22065e-12 -5.07647e+08)
(240303 -188400 -3.52548e-09 18926.7 -1.75585e-09 -5.07632e+08)
(206644 -107623 1.76185e-09 137623 -2.15487e-12 -5.07613e+08)
(150453 -20018.4 1.76158e-09 289983 -1.57508e-12 -5.07591e+08)
(79188.3 71909.3 6.04964e-24 462779 -3.33174e-27 -5.07567e+08)
(3851.34 173107 -2.01787e-24 621262 1.01249e-27 -5.07548e+08)
(150474 -122333 -6.05145e-24 41609.4 4.77151e-27 -5.07648e+08)
(143275 -167198 -7.1826e-13 60149 -1.76146e-09 -5.07645e+08)
(145025 -204564 -1.2724e-26 67471.7 -2.44454e-23 -5.07643e+08)
(146538 -236115 0 68015 0 -5.07643e+08)
(147005 -264711 1.78517e-26 62884 2.40541e-23 -5.07644e+08)
(147105 -292417 1.46379e-12 52150.7 1.76143e-09 -5.07646e+08)
(148191 -319748 -1.57984e-12 35306.7 -1.76139e-09 -5.0765e+08)
(151547 -345819 -3.30233e-12 12226 -3.52265e-09 -5.07655e+08)
(158111 -368604 0 -16228.8 0 -5.0766e+08)
(167918 -385459 1.66141e-12 -47811.8 1.76115e-09 -5.07665e+08)
(180558 -393322 -2.42193e-23 -79091.1 -1.20624e-23 -5.07669e+08)
(194862 -388936 1.5216e-12 -105414 1.76097e-09 -5.07672e+08)
(209296 -368861 -2.83036e-12 -121205 -3.52184e-09 -5.07672e+08)
(221288 -329669 -1.30276e-12 -119564 -1.76092e-09 -5.07669e+08)
(227062 -268953 -2.40926e-12 -92161.1 -3.52197e-09 -5.07661e+08)
(221629 -187171 1.14418e-12 -29188.8 1.76116e-09 -5.07648e+08)
(198670 -89510.1 0 78174 0 -5.07628e+08)
(153238 14732.6 -1.65298e-26 232849 -2.44514e-23 -5.07603e+08)
(82915.9 115190 2.41816e-23 420759 -2.44656e-23 -5.07576e+08)
(9242.42 198998 -4.05546e-24 599746 -2.4467e-23 -5.07552e+08)
(229214 -160812 -1.76196e-09 73502 1.3537e-12 -5.07622e+08)
(229193 -199009 6.06412e-24 79254.8 -6.4119e-27 -5.07621e+08)
(233956 -228442 5.68076e-24 78541.2 1.8375e-23 -5.0762e+08)
(231729 -251987 1.17441e-23 75918.3 1.20821e-23 -5.07621e+08)
(222446 -273897 1.76195e-09 71987.4 -3.15965e-12 -5.07624e+08)
(208515 -296743 -1.76192e-09 64735.4 3.52079e-12 -5.07629e+08)
(193164 -321165 -1.76189e-09 52120.7 3.84355e-12 -5.07636e+08)
(178966 -345784 0 32193.2 0 -5.07644e+08)
(167704 -368215 1.76185e-09 5423.05 -4.31613e-12 -5.07652e+08)
(160052 -385522 1.76186e-09 -26898.5 -4.42688e-12 -5.07662e+08)
(156267 -394483 -1.81437e-23 -61267.8 1.21681e-23 -5.0767e+08)
(156217 -391977 -1.7619e-09 -93856.6 4.29671e-12 -5.07678e+08)
(159910 -374280 -1.76193e-09 -119622 4.01992e-12 -5.07683e+08)
(167049 -337561 0 -132747 0 -5.07684e+08)
(176358 -277492 1.76198e-09 -125488 -2.97973e-12 -5.07681e+08)
(184568 -192143 -6.4616e-24 -85879.3 -1.21137e-23 -5.0767e+08)
(183128 -83643 4.02492e-25 639.376 2.41984e-23 -5.0765e+08)
(155908 39467 1.76171e-09 150807 -5.68105e-13 -5.07622e+08)
(98662.5 154294 1.21068e-23 371002 1.23273e-23 -5.07584e+08)
(25509 221394 -2.0271e-24 619825 -1.19417e-23 -5.07543e+08)
(334319 -197529 7.42999e-15 91168.8 -1.76139e-09 -5.07594e+08)
(341435 -222511 0 82159.3 0 -5.07595e+08)
(347241 -238204 3.02165e-24 73697.4 -1.2519e-23 -5.07595e+08)
(338018 -249366 0 70092.7 0 -5.07598e+08)
(315753 -261236 -3.02614e-24 69660 3.96516e-25 -5.07603e+08)
(285261 -276624 -1.21163e-23 68123.7 -1.21e-23 -5.07611e+08)
(250977 -295602 0 61001.4 0 -5.0762e+08)
(216382 -316380 0 45865.6 0 -5.07632e+08)
(183233 -336364 0 22148.9 0 -5.07645e+08)
(152832 -352679 -6.03744e-24 -8545.32 1.21389e-23 -5.07659e+08)
(125709 -362624 -6.06475e-24 -43386.6 -1.17164e-23 -5.07673e+08)
(102985 -363496 1.27809e-26 -78702.8 1.21225e-23 -5.07687e+08)
(86297.4 -352430 0 -110564 0 -5.07698e+08)
(78502.2 -325620 0 -135150 0 -5.07705e+08)
(83215.1 -277993 0 -146989 0 -5.07707e+08)
(101691 -204051 4.78993e-27 -136915 1.21214e-23 -5.077e+08)
(127949 -99139.2 0 -85023.4 0 -5.07682e+08)
(144212 35085 3.02549e-23 45711.2 -1.25162e-23 -5.07648e+08)
(115509 173110 -2.14465e-27 298072 -1.21293e-23 -5.07597e+08)
(46570.1 246538 -8.84956e-27 682559 -1.21368e-23 -5.07524e+08)
(475324 -218893 -3.31145e-09 87648.4 1.69482e-10 -5.07562e+08)
(487942 -225499 1.76303e-09 65006.9 1.75926e-09 -5.07565e+08)
(487893 -224470 2.34844e-24 51521.4 1.92378e-25 -5.07568e+08)
(466913 -221684 1.99855e-25 50181.2 6.04905e-24 -5.07573e+08)
(429846 -222145 1.76251e-09 55306.5 -3.12266e-12 -5.0758e+08)
(382482 -227899 -1.76047e-09 60169.3 1.76476e-09 -5.0759e+08)
(328901 -238216 -1.76005e-09 59009.7 1.76515e-09 -5.07603e+08)
(271601 -251298 0 49550.5 0 -5.07618e+08)
(212084 -265010 1.76195e-09 30946.1 -4.41046e-12 -5.07636e+08)
(151613 -277281 1.76444e-09 5063.18 1.75675e-09 -5.07656e+08)
(91621.6 -286478 6.06861e-24 -25806.9 1.19122e-23 -5.07677e+08)
(34210.3 -290871 -1.75912e-09 -58235.2 1.76567e-09 -5.07698e+08)
(-17272.4 -289063 -1.76144e-09 -89355.5 4.15096e-12 -5.07717e+08)
(-57241.9 -278490 1.74467e-12 -117472 1.76114e-09 -5.07733e+08)
(-77133.1 -255407 1.76132e-09 -141365 -3.00301e-12 -5.07743e+08)
(-66658.4 -212536 6.28974e-13 -158310 1.76104e-09 -5.07744e+08)
(-19699 -137416 -1.19293e-23 -151372 -1.20913e-23 -5.07732e+08)
(48683.2 -15351.3 1.7616e-09 -73222.4 4.64261e-13 -5.07698e+08)
(96229.5 143799 -1.27531e-26 184109 2.48414e-23 -5.07628e+08)
(76189.2 261000 2.11526e-28 770027 3.91555e-25 -5.07497e+08)
(657537 -203100 1.76323e-09 58807.4 1.75952e-09 -5.07527e+08)
(665478 -192326 6.59561e-13 32172.9 1.76096e-09 -5.07531e+08)
(648684 -179687 -1.76425e-09 19587.1 -1.75857e-09 -5.07538e+08)
(613691 -167380 0 21716.6 0 -5.07546e+08)
(565564 -157810 1.76093e-09 30505 -1.7641e-09 -5.07555e+08)
(506284 -151453 1.76273e-09 38443.9 -3.43171e-12 -5.07567e+08)
(436164 -147860 -1.75977e-09 41459.3 1.76497e-09 -5.07582e+08)
(355015 -146537 -1.76233e-09 37444.3 4.13638e-12 -5.07602e+08)
(263676 -147182 1.76209e-09 26557.6 -4.40056e-12 -5.07625e+08)
(163816 -149739 -3.59911e-23 9825.6 9.31503e-26 -5.07652e+08)
(58475.3 -154049 -3.51801e-12 -10721.1 -1.76134e-09 -5.07681e+08)
(-48471.9 -160033 -3.91089e-25 -32751.2 9.9064e-28 -5.07711e+08)
(-152197 -167356 2.06829e-26 -54419.8 1.21002e-23 -5.0774e+08)
(-246054 -175421 2.49277e-12 -74897.8 1.76141e-09 -5.07766e+08)
(-319835 -182661 1.23228e-26 -96990.1 1.21003e-23 -5.07788e+08)
(-358008 -185160 1.21217e-23 -124429 6.03499e-24 -5.07804e+08)
(-341850 -170445 -1.76062e-09 -152527 9.71544e-13 -5.07806e+08)
(-248312 -109248 1.52776e-12 -140594 -1.76124e-09 -5.07782e+08)
(-91720 28609.5 2.91955e-12 39758.1 -1.76159e-09 -5.07704e+08)
(60595.4 212608 2.95906e-15 790990 -1.76347e-09 -5.07496e+08)
(891473 -129267 -1.63421e-09 12251.5 5.93969e-10 -5.07484e+08)
(847851 -113956 -1.76367e-09 -770.056 1.08542e-12 -5.07497e+08)
(803697 -108501 -1.76356e-09 -5947.34 1.19745e-12 -5.07508e+08)
(766292 -98197.8 0 -4670.99 0 -5.07517e+08)
(724921 -79860.6 1.76335e-09 -777.8 -1.28431e-12 -5.07525e+08)
(668512 -54757.6 1.76319e-09 2835.78 -1.2643e-12 -5.07537e+08)
(589544 -25835.9 -1.76298e-09 5086.52 1.21708e-12 -5.07555e+08)
(484646 3094.35 -1.7627e-09 5343.31 1.15518e-12 -5.07579e+08)
(354324 28123.2 1.76235e-09 3841.54 -1.09044e-12 -5.0761e+08)
(202308 45813.2 -2.40773e-23 773.495 -2.00382e-24 -5.07645e+08)
(34716 53685.3 1.21251e-23 -3295.31 -6.78968e-27 -5.07685e+08)
(-140747 50112.1 -4.07311e-25 -7849.59 -2.01773e-24 -5.07727e+08)
(-315796 34856.8 -2.98634e-26 -12521 -4.0359e-24 -5.07768e+08)
(-483175 9092.66 1.20901e-23 -17287.7 -4.04228e-24 -5.07808e+08)
(-639005 -25482.3 -1.97074e-26 -24451.5 -4.03589e-24 -5.07845e+08)
(-781861 -70609.5 1.20983e-23 -38136.8 -4.04191e-24 -5.07882e+08)
(-902247 -130543 -1.75905e-09 -61377.4 8.34444e-13 -5.07915e+08)
(-970232 -191281 0 -86824.8 0 -5.07936e+08)
(-902382 -187300 0 -66770.9 0 -5.07916e+08)
(-256921 4193.7 0 245086 0 -5.07695e+08)
(-457593 40672.5 2.33528e-09 -481981 -5.63046e-09 -5.07909e+08)
(-473432 106683 -5.47101e-10 -477428 -4.95916e-09 -5.07912e+08)
(-487128 163926 -2.47543e-09 -464266 -2.50905e-09 -5.07912e+08)
(-509888 201805 3.85516e-10 -442503 1.91213e-10 -5.07912e+08)
(-545210 215514 -3.99009e-11 -407412 2.47491e-09 -5.07912e+08)
(-595238 206615 2.76087e-09 -352205 5.02785e-09 -5.07911e+08)
(-658334 182639 7.83847e-10 -270496 -4.65873e-09 -5.07907e+08)
(-726894 155699 -3.84365e-10 -158836 1.0136e-09 -5.07897e+08)
(-787492 139471 -1.07247e-09 -19597.2 7.61633e-10 -5.07879e+08)
(-812202 139971 0 133306 0 -5.07849e+08)
(-320329 36640.8 1.02102e-11 -545071 -2.76239e-09 -5.07892e+08)
(-339053 95714.8 2.36384e-09 -536284 -8.53501e-09 -5.07894e+08)
(-357842 150147 2.34578e-09 -513794 -5.69306e-09 -5.07893e+08)
(-387191 191334 1.31997e-09 -480413 -8.24523e-09 -5.07893e+08)
(-428201 215683 -8.94585e-11 -434369 2.68251e-09 -5.07891e+08)
(-481086 223567 -3.37813e-09 -373002 -9.79238e-10 -5.07889e+08)
(-543737 219069 -9.96524e-11 -293761 6.86803e-09 -5.07886e+08)
(-611701 209250 2.28239e-09 -195267 -3.6062e-09 -5.07879e+08)
(-680113 201546 -2.70263e-11 -79631.7 2.20982e-09 -5.07868e+08)
(-718934 193848 1.51209e-09 42083.4 -6.07195e-10 -5.07849e+08)
(-198528 31184.5 -2.03201e-11 -598588 5.45935e-09 -5.07876e+08)
(-218178 81335.6 -2.34889e-09 -585405 5.7441e-09 -5.07878e+08)
(-241638 128674 -2.31589e-09 -553852 2.9595e-09 -5.07876e+08)
(-278528 167246 3.48341e-09 -509236 -1.02642e-09 -5.07874e+08)
(-329115 194771 2.31636e-09 -452867 -3.09896e-09 -5.07873e+08)
(-392481 211785 3.50611e-09 -385786 7.7724e-10 -5.07872e+08)
(-465596 220966 -1.53969e-10 -309011 6.3162e-10 -5.07871e+08)
(-544439 226486 -3.31619e-09 -223948 -2.85362e-09 -5.0787e+08)
(-623553 232052 -4.28555e-11 -132159 1.84676e-10 -5.07867e+08)
(-662605 231985 -1.12636e-09 -34987.3 -3.32321e-09 -5.07853e+08)
(-94175.8 25670.6 -3.13786e-42 -639315 -7.92367e-44 -5.07862e+08)
(-114185 67353.4 1.12287e-09 -622621 2.53402e-09 -5.07862e+08)
(-140639 107473 -1.55438e-10 -584728 8.06304e-09 -5.0786e+08)
(-182314 141152 -1.31975e-09 -531861 8.04116e-09 -5.07857e+08)
(-238828 167529 1.24893e-09 -467279 -2.94921e-09 -5.07855e+08)
(-308516 187865 -2.43507e-09 -394269 1.13228e-09 -5.07854e+08)
(-388005 204632 -3.28342e-09 -316348 -8.07852e-09 -5.07855e+08)
(-473534 220758 2.44552e-09 -237504 -1.49728e-09 -5.07856e+08)
(-562460 237812 -9.6124e-11 -161693 2.58708e-10 -5.07859e+08)
(-600236 247169 3.88106e-09 -84370.4 -6.65224e-10 -5.0785e+08)
(-6948.97 21568.4 1.15173e-09 -666458 -7.17364e-11 -5.07848e+08)
(-26074.5 57673.3 1.20635e-09 -647668 -5.4068e-09 -5.07848e+08)
(-53729.6 91550 0 -605938 0 -5.07845e+08)
(-97339.8 120014 -1.24198e-09 -548026 2.89364e-09 -5.07841e+08)
(-155968 142811 -1.16757e-09 -478475 2.97921e-10 -5.07839e+08)
(-227675 161764 6.28928e-11 -401778 -2.44392e-09 -5.07838e+08)
(-309278 179723 -1.12614e-10 -322619 4.71009e-09 -5.07838e+08)
(-398474 199588 1.12337e-09 -246649 6.06148e-09 -5.07841e+08)
(-492142 222516 -8.08795e-11 -179185 2.29958e-09 -5.07847e+08)
(-535280 239592 -1.2447e-09 -115887 6.92078e-09 -5.07843e+08)
(66292.1 18538.8 -2.31575e-09 -682281 1.35558e-10 -5.07834e+08)
(48299.4 51666.4 1.22074e-09 -662491 -2.96415e-09 -5.07834e+08)
(20801.3 82001.1 3.52249e-09 -618252 -3.02828e-09 -5.0783e+08)
(-22616.1 106212 -1.19587e-09 -557451 2.85829e-10 -5.07826e+08)
(-80548.4 124550 -1.24322e-09 -485453 2.77354e-09 -5.07823e+08)
(-150931 139260 1.24856e-10 -407343 -4.81435e-09 -5.07821e+08)
(-230992 153647 1.26208e-09 -328145 -5.53123e-10 -5.07821e+08)
(-318928 171089 1.1882e-09 -253702 1.6964e-09 -5.07824e+08)
(-414669 193608 8.02408e-11 -190609 -6.32144e-09 -5.07832e+08)
(-462356 213278 -1.60661e-09 -135165 5.26526e-10 -5.0783e+08)
(128250 17140.8 -3.13755e-42 -689940 -6.87795e-44 -5.07822e+08)
(111620 50396.9 -8.83118e-11 -668972 7.95251e-09 -5.07821e+08)
(84906.8 78984.9 1.23354e-09 -622969 -2.81264e-09 -5.07816e+08)
(42834 100242 1.17753e-09 -560418 -1.95402e-10 -5.07812e+08)
(-12757.9 114358 -3.68999e-09 -487379 1.05445e-09 -5.07808e+08)
(-79626.9 123678 -1.12175e-09 -409321 1.30222e-10 -5.07805e+08)
(-155309 131793 3.6981e-09 -331206 9.25585e-10 -5.07805e+08)
(-239512 142658 -2.64841e-09 -258663 -8.33729e-10 -5.07807e+08)
(-332027 159247 -1.07431e-09 -197627 -5.98036e-09 -5.07815e+08)
(-384629 176158 4.25645e-09 -147293 -3.90144e-09 -5.07815e+08)
(182103 16456.8 1.16007e-09 -690810 2.59114e-09 -5.0781e+08)
(166541 51758.4 -4.2534e-11 -668524 2.70123e-09 -5.07808e+08)
(140719 81016.4 2.17696e-11 -621033 -6.42596e-11 -5.07803e+08)
(100388 100866 2.66935e-11 -557032 -2.46417e-09 -5.07798e+08)
(47806.5 111557 -1.32995e-09 -483324 5.15629e-09 -5.07793e+08)
(-14564.4 115479 1.14833e-09 -405832 4.37697e-09 -5.07789e+08)
(-84525.7 116371 -5.4712e-11 -329467 1.11033e-10 -5.07788e+08)
(-161868 118532 -3.97461e-09 -259066 1.63564e-09 -5.07789e+08)
(-248322 125928 1.19479e-12 -200083 1.01082e-08 -5.07796e+08)
(-303091 135208 2.69529e-09 -153521 6.05657e-10 -5.07798e+08)
(229770 16879.9 2.01423e-11 -686589 -5.26472e-09 -5.07798e+08)
(214762 56270 -1.09956e-09 -663242 -7.73761e-09 -5.07796e+08)
(189647 87200.9 -1.182e-09 -614045 1.11527e-10 -5.0779e+08)
(150941 106832 3.68229e-09 -548198 -7.13976e-10 -5.07784e+08)
(101369 115046 5.30762e-12 -473352 -4.64353e-09 -5.07778e+08)
(43709 114100 -3.78852e-09 -396039 3.25687e-09 -5.07774e+08)
(-19817.3 107819 1.49698e-09 -321252 -7.26717e-09 -5.07771e+08)
(-89777.6 100721 3.91999e-09 -253375 4.95708e-09 -5.07771e+08)
(-167147 97259 -2.83273e-10 -196430 1.05893e-08 -5.07776e+08)
(-221451 96365 -4.46456e-09 -153463 7.51909e-09 -5.07779e+08)
(272425 17363.8 3.02687e-11 -678713 -7.89723e-09 -5.07786e+08)
(257598 61511.2 2.47559e-09 -654396 -8.04358e-09 -5.07784e+08)
(232867 95664.7 3.5461e-09 -602758 2.19947e-09 -5.07778e+08)
(195421 116113 -2.50565e-09 -534170 5.01753e-10 -5.0777e+08)
(148496 122677 4.34925e-10 -457173 -1.24159e-08 -5.07764e+08)
(95219.3 117590 -2.36279e-11 -379087 -4.46735e-09 -5.07758e+08)
(37813.7 104710 2.87105e-09 -305218 -1.11184e-09 -5.07754e+08)
(-23834.8 88690.3 6.69376e-09 -239451 -4.19996e-09 -5.07753e+08)
(-91125.9 74482.6 8.29521e-11 -184829 -6.12044e-09 -5.07756e+08)
(-143178 62108.6 -3.35403e-09 -145585 -1.15464e-09 -5.07759e+08)
(310023 18260.8 -5.01032e-11 -669218 1.30475e-08 -5.07775e+08)
(294880 68002.4 3.51486e-09 -643023 7.48472e-09 -5.07773e+08)
(270395 105484 2.32619e-09 -588161 2.42178e-09 -5.07766e+08)
(234009 127228 -3.64962e-09 -515689 -1.9652e-09 -5.07757e+08)
(189424 132790 -2.60152e-09 -435285 5.23157e-09 -5.07749e+08)
(140137 124191 2.82551e-09 -355024 -7.67463e-09 -5.07742e+08)
(88583.4 105343 2.61326e-09 -280932 -6.01528e-10 -5.07737e+08)
(34785.7 81157.9 1.33111e-10 -216663 -6.45422e-09 -5.07734e+08)
(-22282 56720.8 8.41757e-11 -164152 -6.13555e-09 -5.07735e+08)
(-70134.9 33322.1 2.14282e-13 -128326 -5.04558e-11 -5.07738e+08)
(342034 18451.1 -2.41016e-09 -655868 5.32181e-09 -5.07765e+08)
(326808 73156.7 -2.47442e-09 -627723 7.83903e-09 -5.07762e+08)
(302443 114049 -1.22713e-09 -569201 1.3008e-10 -5.07754e+08)
(266886 137240 -1.22289e-09 -492251 1.29614e-10 -5.07744e+08)
(224392 142113 -2.76609e-09 -407260 7.70394e-09 -5.07735e+08)
(178556 130556 -2.56385e-09 -323643 4.56768e-10 -5.07726e+08)
(132368 106531 2.70744e-09 -248069 1.50915e-09 -5.07719e+08)
(86212.6 75126.4 2.69478e-09 -184382 1.43679e-09 -5.07715e+08)
(38745.7 41703.7 4.4763e-09 -133722 5.42399e-10 -5.07714e+08)
(-4818.7 8304.45 1.02551e-09 -101408 1.08958e-09 -5.07717e+08)
(365855 17873.8 1.23128e-09 -638040 -7.81151e-09 -5.07755e+08)
(350155 76485.1 1.22919e-09 -608141 -2.59963e-09 -5.07752e+08)
(326568 119246 -1.18935e-09 -545765 -2.4079e-09 -5.07743e+08)
(292827 143302 3.13562e-11 -463949 -4.28004e-11 -5.07732e+08)
(253056 147497 -2.70047e-09 -373412 2.86098e-09 -5.0772e+08)
(211143 133404 2.44676e-11 -285244 4.47496e-09 -5.07709e+08)
(170389 104914 3.84015e-09 -206871 5.93343e-09 -5.07701e+08)
(131085 67187.3 -2.20599e-13 -143010 1.05605e-11 -5.07695e+08)
(92412.7 25980.3 -1.49291e-13 -94087.5 1.06447e-11 -5.07693e+08)
(55372.5 -15557.7 -1.69448e-09 -64884.6 -5.48058e-09 -5.07695e+08)
(376907 15319.6 -3.13654e-42 -611055 -4.14736e-44 -5.07746e+08)
(362782 74214.5 2.90146e-11 -579618 -2.55826e-09 -5.07742e+08)
(341199 116938 4.50382e-11 -514688 -2.52024e-09 -5.07732e+08)
(310868 140298 1.27003e-09 -428346 -1.38053e-10 -5.07719e+08)
(275139 143271 2.26584e-11 -333003 -2.34642e-09 -5.07706e+08)
(238189 127039 4.79396e-11 -239828 -2.5667e-11 -5.07693e+08)
(202955 94962.8 -1.50749e-12 -158446 -2.16549e-09 -5.07682e+08)
(170642 52288.4 -1.40068e-09 -93881.8 2.59884e-10 -5.07675e+08)
(141102 5209.53 -5.70081e-11 -46822.1 4.0169e-09 -5.07671e+08)
(110658 -42197.8 1.74022e-09 -21524.4 -2.14481e-09 -5.07672e+08)
(368071 9833.32 -3.13631e-42 -572840 -3.72176e-44 -5.0774e+08)
(356128 64557.6 0 -540351 0 -5.07735e+08)
(340034 103068 -1.35062e-10 -474009 7.49651e-09 -5.07723e+08)
(317019 123229 0 -384997 0 -5.07708e+08)
(289794 123911 -2.75374e-09 -286033 5.04849e-09 -5.07691e+08)
(261225 105835 2.187e-10 -188961 -4.68331e-09 -5.07676e+08)
(234045 71603.5 4.19035e-09 -104694 -2.81976e-09 -5.07662e+08)
(210128 26027.3 4.32371e-09 -39577.3 1.34594e-09 -5.07653e+08)
(190328 -24676.6 -1.69653e-09 4841.84 4.33941e-10 -5.07647e+08)
(169858 -75374.5 -4.64584e-09 25366.8 2.87053e-09 -5.07647e+08)
(327796 389.614 -1.0087e-11 -513043 2.54166e-09 -5.07735e+08)
(324985 44376.9 3.69729e-09 -482259 -1.39431e-10 -5.07729e+08)
(319060 73480.1 2.9355e-11 -417891 -4.87427e-09 -5.07715e+08)
(309231 86806.5 8.51095e-11 -330483 -7.75247e-11 -5.07697e+08)
(296987 83465.1 -2.75169e-09 -231664 3.53345e-10 -5.07677e+08)
(282975 63976.8 -4.00356e-09 -134893 4.89611e-09 -5.07658e+08)
(268688 30119.9 4.27277e-09 -50093.5 -4.90471e-09 -5.07642e+08)
(256007 -15060.4 -1.58937e-11 14185.1 -2.07631e-09 -5.0763e+08)
(247537 -66022.8 1.58307e-10 54849.1 -6.08869e-09 -5.07623e+08)
(238632 -116513 1.55727e-09 68557.6 -2.60739e-10 -5.07621e+08)
(245357 -13544.5 -1.22601e-09 -429964 2.72904e-11 -5.07735e+08)
(256043 11839.3 -3.70349e-09 -403439 9.03405e-11 -5.07726e+08)
(267737 25533 1.76265e-10 -345883 -7.50656e-09 -5.0771e+08)
(281496 27586.3 2.35095e-09 -264458 7.16435e-09 -5.07688e+08)
(296008 18186.3 1.91154e-10 -172631 -7.10256e-09 -5.07664e+08)
(308780 -1630.07 -2.87097e-09 -82219.9 4.82208e-09 -5.0764e+08)
(317033 -31283.3 9.91488e-11 -2185.92 -5.66167e-11 -5.0762e+08)
(321146 -70223.8 2.90824e-09 59080 -2.40639e-09 -5.07605e+08)
(326359 -115496 -2.99739e-11 95177.2 2.0184e-09 -5.07595e+08)
(331705 -161042 -1.02883e-11 100526 1.92397e-09 -5.07593e+08)
(104914 -30009.6 3.74063e-14 -318931 -9.11549e-12 -5.07742e+08)
(141624 -31397 5.96886e-11 -301797 -4.99606e-09 -5.07729e+08)
(180391 -39772 3.56108e-09 -256266 1.22194e-08 -5.0771e+08)
(231016 -53278.1 -1.32666e-10 -187559 2.47988e-09 -5.07682e+08)
(288963 -70006.5 -3.89502e-09 -111424 1.61387e-10 -5.07651e+08)
(345603 -88163 0 -36881.4 0 -5.07621e+08)
(391626 -108268 -1.16793e-10 30346.3 4.40777e-09 -5.07595e+08)
(423105 -132716 1.4886e-09 84323.4 -1.22088e-10 -5.07575e+08)
(444889 -162931 3.05541e-09 115184 -2.68421e-10 -5.07563e+08)
(461695 -194982 -1.94548e-09 112330 2.47598e-11 -5.0756e+08)
(-89502.1 -43078.9 -3.69286e-09 -173582 -4.9723e-09 -5.07753e+08)
(-28634.8 -89782 2.49758e-09 -169377 2.41338e-09 -5.07738e+08)
(49001.3 -134244 3.7271e-09 -141920 -5.16898e-12 -5.07714e+08)
(155855 -170266 -3.6684e-09 -97400 -7.15598e-09 -5.07679e+08)
(278560 -195012 -1.36978e-09 -49516.3 2.37998e-09 -5.07639e+08)
(400031 -207819 -6.55064e-11 -3958.4 2.27917e-09 -5.07601e+08)
(504074 -210764 0 38441.5 0 -5.07567e+08)
(579178 -208387 -4.75857e-11 75175.7 2.1203e-09 -5.07541e+08)
(625762 -204988 3.09262e-11 97640.3 -2.02979e-09 -5.07525e+08)
(645059 -204025 -8.41162e-14 89925.8 1.53885e-11 -5.07523e+08)
(-333381 -44755.7 3.77478e-09 1070.83 -2.50743e-09 -5.07769e+08)
(-293482 -180366 2.335e-09 -4633.95 2.48567e-09 -5.07761e+08)
(-152515 -291662 -1.02692e-09 -1530.9 -2.45193e-09 -5.07728e+08)
(46295.2 -362975 1.398e-09 5018.43 -8.07035e-10 -5.0768e+08)
(265286 -396318 1.2004e-09 10971.6 7.77696e-10 -5.07629e+08)
(478282 -398146 -1.48725e-09 15944.2 7.66236e-10 -5.07578e+08)
(668098 -374417 3.49856e-11 21292.3 -1.07126e-12 -5.07533e+08)
(821262 -328293 -1.28274e-10 27569.8 7.07263e-10 -5.07496e+08)
(918569 -259499 1.58689e-09 31665.5 -1.14416e-11 -5.07473e+08)
(930173 -179572 1.29653e-09 26615.4 1.28311e-09 -5.07472e+08)
)
;

boundaryField
{
    left
    {
        type            symmetryPlane;
    }
    right
    {
        type            calculated;
        value           nonuniform List<symmTensor> 
30
(
(134196 -20738.8 4.96097e-12 -2.42782e+06 2.52257e-09 -5.08222e+08)
(135626 -111456 -5.03814e-12 -2.44237e+06 3.63629e-09 -5.08225e+08)
(133621 -213283 9.92434e-15 -2.4013e+06 -1.39834e-11 -5.08216e+08)
(128920 -320843 1.03445e-12 -2.31749e+06 2.90547e-09 -5.08197e+08)
(121309 -431270 -5.84825e-12 -2.18877e+06 9.20711e-10 -5.08169e+08)
(110583 -539224 5.70001e-12 -2.01349e+06 -2.68195e-09 -5.08131e+08)
(96597.9 -642090 3.59181e-12 -1.79284e+06 -1.41946e-09 -5.08084e+08)
(79836.2 -754575 1.30467e-11 -1.53977e+06 -4.38531e-09 -5.08029e+08)
(59152.2 -882263 -5.39609e-12 -1.23894e+06 1.78375e-09 -5.07965e+08)
(32161.3 -984673 -1.132e-11 -845608 2.91511e-09 -5.0788e+08)
(3489.58 -991731 -5.24172e-13 -411477 1.34535e-10 -5.07786e+08)
(-22272 -897989 1.94452e-26 3183.95 -6.35728e-24 -5.07697e+08)
(-42337.6 -748565 -5.19421e-12 351398 1.76238e-09 -5.07621e+08)
(-55057.8 -588861 -4.08604e-12 597695 1.76305e-09 -5.07567e+08)
(-61743.4 -445694 6.18524e-12 750829 -3.52693e-09 -5.07533e+08)
(-64247.1 -325706 1.2199e-26 833660 -1.21153e-23 -5.07515e+08)
(-64201.4 -226460 -1.76946e-26 870166 1.21813e-23 -5.07506e+08)
(-62483.1 -141207 9.79824e-13 875662 -1.7638e-09 -5.07505e+08)
(-59567.4 -65065.5 -4.51483e-13 860086 1.76375e-09 -5.07508e+08)
(-55421 5350.11 -3.31229e-27 826297 -3.81953e-25 -5.07514e+08)
(-50100.1 69896.9 3.33849e-27 778343 1.2139e-23 -5.07524e+08)
(-43547.4 126240 6.02962e-27 719580 1.21379e-23 -5.07536e+08)
(-36191.6 170343 0 659842 0 -5.07548e+08)
(-28593.3 199475 -2.54888e-27 611529 1.01249e-27 -5.07558e+08)
(-21619.9 215886 -2.54386e-26 590488 -2.4467e-23 -5.07561e+08)
(-15703.5 228342 -1.28188e-26 607462 -1.19417e-23 -5.07556e+08)
(-10799.2 247699 -1.18309e-26 665348 -1.21368e-23 -5.07541e+08)
(-6339.84 272011 4.19099e-28 745269 3.91555e-25 -5.07522e+08)
(-1778.55 287014 -1.99156e-12 772278 -1.76347e-09 -5.07515e+08)
(5638.03 296993 0 323854 0 -5.07616e+08)
)
;
    }
    down
    {
        type            symmetryPlane;
    }
    up
    {
        type            calculated;
        value           nonuniform List<symmTensor> 
30
(
(-311349 -42355.9 3.77478e-09 74511.9 2.36658e-12 -5.07747e+08)
(-270615 -206031 2.335e-09 71589.8 -4.71656e-12 -5.07738e+08)
(-133880 -338511 -1.02692e-09 60587.1 3.70983e-12 -5.07709e+08)
(58390.6 -420051 1.398e-09 45336.6 -1.75376e-12 -5.07668e+08)
(270605 -455418 1.2004e-09 28701.8 -2.45339e-12 -5.07623e+08)
(477255 -454101 -1.48725e-09 12521.1 2.61112e-12 -5.07579e+08)
(661082 -423356 3.49856e-11 -2094.55 -5.85493e-14 -5.0754e+08)
(808668 -365117 -1.28274e-10 -14411.1 5.5081e-13 -5.07509e+08)
(902159 -275773 1.58689e-09 -23034.9 -1.72913e-12 -5.07489e+08)
(914701 -167581 1.29653e-09 -24957.4 2.55142e-13 -5.07487e+08)
(880744 -100906 -1.63421e-09 -23513.3 1.21859e-12 -5.07494e+08)
(841248 -88275.3 -1.76367e-09 -22778.4 6.12533e-13 -5.07503e+08)
(798722 -89463.8 -1.76356e-09 -22530.3 6.2078e-13 -5.07513e+08)
(760710 -82241.1 0 -23276.9 0 -5.07522e+08)
(717943 -62035.2 1.76335e-09 -24035.7 -4.30456e-13 -5.07532e+08)
(660474 -31251.8 1.76319e-09 -23957.6 -2.16853e-13 -5.07545e+08)
(581271 5628.6 -1.76298e-09 -22490.1 -3.90562e-14 -5.07563e+08)
(477229 43263.3 -1.7627e-09 -19381.5 -3.002e-13 -5.07587e+08)
(348778 76363.9 1.76235e-09 -14647 5.29881e-13 -5.07615e+08)
(199518 100479 -2.40773e-23 -8529.44 -1.15716e-26 -5.07648e+08)
(35276 112304 1.21251e-23 -1428.55 5.36397e-27 -5.07684e+08)
(-136549 109822 -4.07311e-25 6142.94 -1.84019e-27 -5.07722e+08)
(-307955 92705.6 -2.98634e-26 13617.9 -2.9183e-27 -5.0776e+08)
(-471845 63021.7 1.20901e-23 20477.9 5.11413e-28 -5.07796e+08)
(-623759 23686 -1.97074e-26 26369.7 -2.12459e-27 -5.0783e+08)
(-761137 -27880.3 1.20983e-23 30943.8 -3.18573e-27 -5.07861e+08)
(-873907 -102677 -1.75905e-09 33088 7.12461e-13 -5.07886e+08)
(-935018 -199834 0 30556.6 0 -5.07901e+08)
(-875848 -280056 0 21678.3 0 -5.07889e+08)
(-328651 -300848 0 5986.06 0 -5.07767e+08)
)
;
    }
    hole
    {
        type            calculated;
        value           nonuniform List<symmTensor> 
20
(
(-1.06193e+06 1.21158e+06 5.71011e-12 -1.04819e+06 -9.04868e-12 -5.08179e+08)
(-1.59386e+06 1.2947e+06 -3.33879e-09 -795834 2.63369e-09 -5.08244e+08)
(-2.01561e+06 1.21154e+06 0 -498413 0 -5.08272e+08)
(-2.29997e+06 1.01408e+06 -1.51036e-09 -227951 1.6544e-09 -5.08276e+08)
(-2.40919e+06 754467 -1.92778e-09 -30828.8 8.94084e-10 -5.08255e+08)
(-2.37478e+06 502785 -3.74302e-09 75071.4 2.13834e-09 -5.08223e+08)
(-2.24248e+06 302542 2.05281e-09 105062 -5.78763e-10 -5.08186e+08)
(-2.08716e+06 186348 6.26054e-09 86715.4 -1.25141e-09 -5.08154e+08)
(-1.99976e+06 140740 4.22571e-09 63191 -5.03772e-10 -5.08139e+08)
(-2.02405e+06 81672.9 4.30287e-09 65487.1 -1.72291e-10 -5.08144e+08)
(-71964.7 -200628 -1.71008e-10 3.14622e+06 4.31969e-09 -5.06983e+08)
(53006 -729269 -5.09801e-10 2.91168e+06 4.25291e-09 -5.07008e+08)
(291847 -1.11085e+06 -4.23564e-10 2.2943e+06 2.10172e-09 -5.07096e+08)
(555560 -1.23818e+06 1.17362e-09 1.44735e+06 -4.10917e-09 -5.0723e+08)
(749447 -1.106e+06 -2.14609e-09 571923 3.74614e-09 -5.07387e+08)
(801462 -764975 -2.71188e-09 -198116 5.83268e-09 -5.07553e+08)
(693859 -314855 -6.19061e-10 -770101 -3.27623e-10 -5.0771e+08)
(432891 166532 3.55825e-09 -1.1327e+06 -5.29208e-09 -5.07854e+08)
(19209.7 626732 3.97468e-09 -1.28936e+06 -5.02524e-09 -5.07985e+08)
(-499037 979972 9.95433e-13 -1.22553e+06 -1.55093e-12 -5.0809e+08)
)
;
    }
    frontAndBack
    {
        type            empty;
    }
}


// ************************************************************************* //
