/*--------------------------------*- C++ -*----------------------------------*\
  =========                 |
  \\      /  F ield         | OpenFOAM: The Open Source CFD Toolbox
   \\    /   O peration     | Website:  https://openfoam.org
    \\  /    A nd           | Version:  dev
     \\/     M anipulation  |
\*---------------------------------------------------------------------------*/
FoamFile
{
    version     2.0;
    format      ascii;
    class       volSymmTensorField;
    location    "60";
    object      sigma;
}
// * * * * * * * * * * * * * * * * * * * * * * * * * * * * * * * * * * * * * //

dimensions      [1 -1 -2 0 0 0 0];

internalField   nonuniform List<symmTensor> 
1000
(
(5693.22 349.201 6.3775e-10 -4420.94 6.88715e-10 -5.07692e+08)
(-18009.1 -3180.93 4.32564e-09 18024.9 4.67741e-09 -5.07692e+08)
(-29206.4 -4467.34 -3.49074e-09 32626 -6.41703e-09 -5.07692e+08)
(-35172.7 -5321.68 -2.58003e-09 39992.2 -2.79039e-09 -5.07691e+08)
(-37799.1 -5796.92 5.92731e-09 43496.7 1.0967e-08 -5.07691e+08)
(-38509.4 -6067.45 3.00562e-09 44660.1 3.25098e-09 -5.07691e+08)
(-38051.5 -6238.18 -2.26431e-09 44386.1 5.55943e-09 -5.07691e+08)
(-36909.1 -6277 -4.89437e-10 43078.6 -6.19292e-09 -5.07691e+08)
(-35686.8 -6261.35 -6.83755e-09 40988.9 -3.82442e-09 -5.07691e+08)
(-33439.9 -5647.98 0 39438.3 0 -5.07691e+08)
(-9749.06 11977.6 -3.31614e-09 -13228.6 2.68985e-09 -5.07698e+08)
(-30006.1 756.086 0 9385.91 0 -5.07697e+08)
(-38768.3 -5126.46 2.72926e-09 23745.7 -2.33233e-09 -5.07696e+08)
(-42415.3 -8537.8 -5.05467e-09 31693.3 4.31942e-09 -5.07695e+08)
(-43452.6 -10492.9 -2.5037e-09 35846.5 1.82001e-09 -5.07694e+08)
(-42976.9 -11582.6 4.91613e-09 37827.7 1.56174e-09 -5.07693e+08)
(-41816.7 -12167.6 2.08636e-09 38241.3 -1.74424e-09 -5.07693e+08)
(-40187.6 -12321.1 2.05695e-09 37780.1 -7.74042e-09 -5.07693e+08)
(-38325.9 -11991 0 36758.6 0 -5.07693e+08)
(-35760.8 -10814.2 0 36864.4 0 -5.07692e+08)
(-28497.9 21986.4 0 -18877.6 0 -5.07703e+08)
(-42218.4 3859.14 0 1655.84 0 -5.07702e+08)
(-46986.6 -5839.44 3.06046e-09 15083.8 -1.87657e-09 -5.077e+08)
(-48070 -11414.2 2.12869e-09 22706.2 3.18506e-09 -5.07698e+08)
(-47231 -14497.2 3.26656e-11 27208.1 4.88789e-11 -5.07697e+08)
(-45497.9 -16125.6 -4.80235e-09 29747.8 -1.9785e-09 -5.07696e+08)
(-43375 -16832.1 -3.89288e-10 30956.8 -5.47492e-09 -5.07695e+08)
(-41013.8 -16830.9 -2.19623e-09 31363.6 1.32648e-09 -5.07695e+08)
(-38466.4 -16220.5 2.79486e-09 31286.8 4.18239e-09 -5.07694e+08)
(-35416.1 -14973.4 7.09119e-10 32157.9 2.63704e-09 -5.07693e+08)
(-49069.5 29577.4 -1.65611e-09 -20862.3 1.41152e-09 -5.07708e+08)
(-54386.9 6282.75 -1.60201e-09 -4564.8 -2.85936e-09 -5.07706e+08)
(-54391.3 -6368.53 -1.64689e-09 6313.64 7.30018e-10 -5.07703e+08)
(-52272.7 -13404.3 1.78217e-09 13220.6 3.18156e-09 -5.07701e+08)
(-49354.9 -17242.5 4.64615e-09 17707.8 1.96586e-09 -5.077e+08)
(-46177.1 -19156.2 -2.55877e-09 20694.3 1.35277e-09 -5.07698e+08)
(-43023.4 -19888.7 -2.33352e-09 22518.7 1.39631e-09 -5.07697e+08)
(-39852.2 -19772.8 -5.60625e-09 23626.6 3.1029e-09 -5.07696e+08)
(-36586.6 -19040.3 -3.53896e-09 24326.9 -3.8378e-09 -5.07695e+08)
(-33030.4 -17891.8 2.67245e-09 25686.5 1.61994e-09 -5.07694e+08)
(-70454.1 33789 -2.1476e-09 -20319.1 4.4086e-10 -5.07713e+08)
(-66017.2 7821.69 3.85475e-11 -9781.37 8.35798e-11 -5.0771e+08)
(-60477.4 -6332.99 -4.83594e-09 -1807.72 2.36213e-09 -5.07707e+08)
(-55070.5 -14188.1 -7.63508e-10 3767.49 -1.6558e-09 -5.07704e+08)
(-50000.4 -18381 1.71995e-09 7965.69 3.73019e-09 -5.07702e+08)
(-45401.5 -20431.4 4.43367e-09 11110.8 2.70552e-09 -5.077e+08)
(-41205 -21153.3 1.06524e-09 13413.4 2.31041e-09 -5.07699e+08)
(-37241.5 -20992.2 1.3394e-09 15120.9 -3.21634e-09 -5.07697e+08)
(-33373.5 -20274.4 -6.46206e-09 16403.6 -1.11205e-08 -5.07696e+08)
(-29423 -19279.9 -1.81486e-09 18108.8 6.81632e-10 -5.07695e+08)
(-90740.9 34379.9 -4.05238e-09 -17579.2 1.35054e-09 -5.07717e+08)
(-76451.4 8396.8 3.18689e-11 -13465.6 8.63476e-11 -5.07713e+08)
(-65452.8 -5830.57 -3.18776e-11 -9164.38 -8.63817e-11 -5.0771e+08)
(-56702.7 -13629 -6.31218e-10 -5055.55 -1.7106e-09 -5.07707e+08)
(-49581.1 -17790.1 -2.94355e-09 -1400.23 9.56972e-10 -5.07704e+08)
(-43624.6 -19803.2 -7.87071e-11 1773.37 -2.13316e-10 -5.07702e+08)
(-38496.5 -20514 2.5131e-09 4369.26 -1.04142e-09 -5.077e+08)
(-33865.7 -20385.9 6.84833e-09 6501.13 5.0429e-11 -5.07699e+08)
(-29499.4 -19750.7 1.12186e-09 8287.63 -4.61546e-10 -5.07697e+08)
(-25250.5 -18933.8 -3.04521e-09 10262.3 -1.60823e-09 -5.07696e+08)
(-108183 31092.5 1.66347e-09 -13846.4 -1.96287e-09 -5.0772e+08)
(-84877.2 8044.7 -8.15035e-10 -15972.1 -2.88868e-09 -5.07716e+08)
(-69024.1 -4726.81 1.72024e-09 -15055.5 -5.07884e-10 -5.07712e+08)
(-57424.8 -11765.7 5.45045e-10 -12611.4 1.93215e-09 -5.07708e+08)
(-48516.2 -15515.1 4.14067e-09 -9617.78 3.28696e-09 -5.07706e+08)
(-41412.7 -17348.2 -3.94409e-09 -6614.85 -3.32452e-09 -5.07703e+08)
(-35492.9 -18011.1 -2.48067e-09 -3855.42 -8.79472e-09 -5.07701e+08)
(-30317.4 -17942.7 -2.49865e-09 -1395.24 5.82654e-10 -5.077e+08)
(-25591.3 -17452.5 1.33969e-09 752.202 4.74968e-09 -5.07698e+08)
(-21134.1 -16838 -7.75489e-10 2924.04 3.00334e-09 -5.07697e+08)
(-121450 24646.7 6.26292e-09 -10001.3 -1.33632e-09 -5.07723e+08)
(-91052.4 6818.68 -3.8533e-09 -17282.8 6.10718e-10 -5.07717e+08)
(-71328.5 -3213.19 -2.75048e-11 -19326.5 -1.38236e-10 -5.07713e+08)
(-57510.9 -8797.58 -7.47533e-10 -18408.3 -3.75727e-09 -5.0771e+08)
(-47227.8 -11802.3 6.85662e-09 -16127.2 2.76366e-09 -5.07707e+08)
(-39227.1 -13282 7.83545e-10 -13360.3 3.93859e-09 -5.07704e+08)
(-32714.3 -13850.6 3.59633e-11 -10556.1 1.80778e-10 -5.07702e+08)
(-27145.8 -13845.1 -2.009e-09 -7906.42 3.0372e-09 -5.077e+08)
(-22161.6 -13521.7 -4.72142e-10 -5474.7 -2.37336e-09 -5.07699e+08)
(-17565.1 -13116.6 -2.29285e-10 -3149.66 -2.66113e-09 -5.07697e+08)
(-129560 15831.7 4.37061e-09 -6717.49 6.06342e-10 -5.07724e+08)
(-94787.9 5069.93 -3.68225e-09 -17474.8 2.05521e-09 -5.07718e+08)
(-72642.2 -1278.52 -3.9048e-10 -21861.4 -3.29817e-09 -5.07714e+08)
(-57315.4 -4910.89 -6.64732e-10 -22173.2 -5.61505e-09 -5.07711e+08)
(-46108.1 -6884.3 5.04541e-10 -20551.7 4.26211e-09 -5.07708e+08)
(-37508.4 -7883.91 3.35878e-09 -18048.8 3.76058e-09 -5.07705e+08)
(-30594.6 -8281.24 -5.26252e-10 -15261.8 -4.44574e-09 -5.07703e+08)
(-24770.8 -8326.93 5.09039e-09 -12476.8 -6.02745e-10 -5.07701e+08)
(-19632 -8164.61 1.19825e-09 -9855.03 -1.89843e-10 -5.07699e+08)
(-14968.7 -7974.83 1.58304e-09 -7435.88 8.10054e-09 -5.07697e+08)
(-132151 5636.51 4.39581e-09 -4776.3 1.88506e-09 -5.07724e+08)
(-96668.6 3179.77 1.14269e-10 -17295.4 2.90719e-09 -5.07719e+08)
(-72949.8 1261.55 1.65699e-09 -22799 -3.50834e-09 -5.07714e+08)
(-56636.5 43.8567 -1.50435e-10 -23832.3 -3.82796e-09 -5.07711e+08)
(-44834.4 -656.047 7.23499e-12 -22550.2 1.84111e-10 -5.07708e+08)
(-35891.6 -1050.18 3.05164e-09 -20197.2 3.9696e-09 -5.07705e+08)
(-28751.3 -1240.17 -1.83017e-10 -17409.7 -4.65751e-09 -5.07703e+08)
(-22802.4 -1321.97 2.56428e-09 -14571.4 -1.7068e-11 -5.07701e+08)
(-17596.9 -1326.59 1.97509e-10 -11846.8 5.02638e-09 -5.07699e+08)
(-12926.2 -1328.86 4.96768e-11 -9285.81 2.76552e-09 -5.07697e+08)
(9569.38 -6577.06 1.35699e-09 158545 4.36399e-09 -5.07654e+08)
(22714.8 -3901.4 2.99905e-09 117128 1.1778e-10 -5.0766e+08)
(28774.9 -1747.12 -1.82457e-09 89972.5 1.72361e-09 -5.07665e+08)
(30341 -386.985 0 71578.8 0 -5.07669e+08)
(29469.7 393.998 -4.10459e-09 58484.6 -1.6124e-10 -5.07672e+08)
(27448.2 833.492 -4.30191e-11 48708.3 2.89426e-09 -5.07675e+08)
(24956.6 1056.91 4.47348e-09 41057.6 1.75742e-10 -5.07677e+08)
(22345.1 1153.52 2.26588e-09 34754.7 2.65415e-09 -5.07679e+08)
(19808.4 1176.38 2.60844e-09 29347.8 -1.11079e-09 -5.07681e+08)
(17400.4 1182.28 2.70896e-10 24541.9 -3.44256e-09 -5.07683e+08)
(11546.5 -18817 8.1496e-11 154018 4.31e-09 -5.07654e+08)
(22264 -7172.9 1.84109e-09 114172 -1.74555e-09 -5.07661e+08)
(27361.5 -173.179 -1.90556e-09 89334 1.58093e-09 -5.07665e+08)
(28295.1 3712.34 -1.81076e-09 72266.8 -2.14267e-10 -5.07669e+08)
(27205.7 5853.5 0 59884.6 0 -5.07672e+08)
(25140.8 6966.54 -2.27059e-10 50491.1 2.88705e-09 -5.07675e+08)
(22696.1 7444.84 4.62895e-09 43030.3 5.47805e-10 -5.07677e+08)
(20185 7543.61 1.69393e-11 36834.3 2.0041e-12 -5.07679e+08)
(17757.8 7421.31 -1.02688e-08 31451.9 -1.21526e-09 -5.07681e+08)
(15442 7247.16 1.60935e-10 26623.1 -1.49516e-09 -5.07683e+08)
(15116.8 -29336.4 -4.45501e-10 143075 2.08855e-09 -5.07656e+08)
(21388.4 -10819.5 1.91232e-09 108767 -1.60771e-09 -5.07662e+08)
(24127.9 155.547 3.28587e-10 87177.2 -1.76366e-09 -5.07667e+08)
(24060.6 6266.28 -1.78837e-09 72090.9 -3.55645e-10 -5.0767e+08)
(22486.9 9598.82 0 60876.5 0 -5.07673e+08)
(20302.9 11334.5 -6.75777e-10 52200.8 2.81599e-09 -5.07676e+08)
(17927.8 12086.1 -9.52282e-10 45176.5 3.96811e-09 -5.07678e+08)
(15586.1 12232 2.82264e-09 39247.6 -2.05196e-09 -5.0768e+08)
(13358.8 12017.3 3.01833e-12 34021.4 6.00073e-13 -5.07681e+08)
(11154.9 11692 -2.96255e-09 29265 1.75619e-09 -5.07683e+08)
(19186.7 -37045.3 7.64179e-10 126536 -4.22143e-09 -5.07659e+08)
(19587 -13998 -1.48868e-09 100646 -4.1966e-10 -5.07665e+08)
(19671.8 -87.506 4.1884e-10 83843 -1.74571e-09 -5.07668e+08)
(18156.1 7623.1 0 71396.4 0 -5.07672e+08)
(16019.8 11895.7 2.9974e-09 61839.1 4.05898e-09 -5.07674e+08)
(13687.3 14142.6 6.37134e-09 54203.3 1.79664e-09 -5.07677e+08)
(11421 15145 -4.26659e-09 47857.4 -1.20316e-09 -5.07679e+08)
(9306.77 15360.8 -6.86281e-09 42367.4 -1.9353e-09 -5.0768e+08)
(7343.32 15092.2 2.83104e-10 37425.5 -1.17977e-09 -5.07682e+08)
(5278.65 14642.2 7.11167e-10 32824.1 -2.18953e-09 -5.07684e+08)
(23583.4 -41223.2 -1.13177e-09 106916 4.13376e-09 -5.07662e+08)
(17264 -16322.8 2.15602e-09 90216.8 2.87308e-09 -5.07668e+08)
(13963.2 -961.872 -6.8669e-10 78913.9 1.6587e-09 -5.07671e+08)
(11071 7819.04 3.5943e-09 69867.5 1.32569e-09 -5.07674e+08)
(8318.73 12715.8 5.51581e-11 62370.5 2.03448e-11 -5.07676e+08)
(5869.49 15337.5 -3.04618e-09 56066.2 -4.20791e-09 -5.07678e+08)
(3753.11 16547.7 2.19744e-10 50606 -1.36767e-09 -5.0768e+08)
(1919.7 16846.6 0 45727.8 0 -5.07681e+08)
(288.176 16562.6 -5.35663e-09 41212.1 -6.83786e-10 -5.07683e+08)
(-1607.91 16004.9 2.81097e-10 36853 -1.02251e-09 -5.07684e+08)
(26726.4 -41308.3 -3.45362e-09 84077.3 5.46194e-09 -5.07667e+08)
(14414.3 -17572.4 -2.67035e-09 77413.2 -1.2305e-09 -5.07671e+08)
(7916.73 -1989.66 -2.30062e-09 72449.7 9.14895e-10 -5.07674e+08)
(3358.72 6975.97 -1.65596e-09 67150.9 -7.63227e-10 -5.07676e+08)
(4.98277 12102.9 1.18406e-09 62046.8 -2.86012e-09 -5.07678e+08)
(-2540.51 14907.8 2.66759e-09 57299.3 4.41589e-09 -5.0768e+08)
(-4443.85 16270.5 2.65932e-11 52913.7 1.22578e-11 -5.07681e+08)
(-5930.54 16664.6 -3.23897e-09 48811.9 1.32931e-09 -5.07682e+08)
(-7172.26 16398.1 2.79492e-12 44864.9 1.2882e-12 -5.07684e+08)
(-8856.48 15741.9 -1.12133e-09 40850.3 2.57288e-09 -5.07685e+08)
(28643.5 -37786.6 -9.58452e-10 62227.3 -5.3621e-10 -5.07671e+08)
(11037 -16873.7 -5.33563e-11 63903.3 -2.98676e-11 -5.07675e+08)
(1668.28 -2924.35 -8.03422e-11 64647.2 -4.49794e-11 -5.07677e+08)
(-4393.75 5413.78 -3.32743e-09 63247.8 1.9443e-09 -5.07679e+08)
(-8333.99 10248.7 3.58412e-09 60621.8 2.00684e-09 -5.0768e+08)
(-10905.9 12992.9 -1.47499e-09 57518.7 2.4905e-09 -5.07682e+08)
(-12540.4 14408.8 2.81643e-09 54290.3 -4.65401e-09 -5.07683e+08)
(-13613.1 14897.2 1.48833e-11 51063.7 8.33394e-12 -5.07684e+08)
(-14378.1 14691.4 -1.56348e-09 47825.2 -2.26496e-09 -5.07685e+08)
(-15792.3 13934.9 -8.72461e-10 44238 1.70101e-09 -5.07686e+08)
(28384.3 -31414.7 2.85107e-09 41874.5 -5.7976e-09 -5.07676e+08)
(6763.64 -14823.2 -2.44505e-09 50300.5 -1.63301e-09 -5.07679e+08)
(-4933.76 -3425.77 1.47776e-09 56588.1 9.87094e-10 -5.0768e+08)
(-12026.1 3392.65 -1.45231e-09 58556.2 -9.70173e-10 -5.07682e+08)
(-16335.8 7402.62 1.53212e-10 58134.7 1.02354e-10 -5.07683e+08)
(-18812.1 9762.23 -2.09732e-09 56494.1 -4.88117e-09 -5.07684e+08)
(-20049.1 11096.8 -3.74688e-09 54342.9 -2.50328e-09 -5.07684e+08)
(-20580 11683.1 3.78514e-09 51981.4 2.52889e-09 -5.07685e+08)
(-20757.3 11594 2.16801e-09 49442.7 1.44848e-09 -5.07686e+08)
(-21798 10762.8 2.88281e-09 46285.2 5.428e-10 -5.07687e+08)
(24436.5 -22080.8 4.63293e-09 23250.5 -4.5045e-09 -5.07681e+08)
(482.634 -11406.3 4.86326e-09 38297.3 1.35012e-09 -5.07683e+08)
(-12342.4 -3658.25 -7.23178e-11 48576.7 -5.69926e-11 -5.07684e+08)
(-19836.2 921.174 5.21377e-10 53176.5 -3.81879e-09 -5.07685e+08)
(-24051.6 3665.21 2.00973e-09 54486.9 -2.35425e-09 -5.07685e+08)
(-26128.7 5329.97 1.70161e-09 54053.9 -2.3432e-09 -5.07686e+08)
(-26780.3 6408.41 3.82844e-09 52766.8 3.01773e-09 -5.07686e+08)
(-26615 7020.25 -2.48481e-09 51048.6 2.9368e-09 -5.07687e+08)
(-26019.1 7185.48 -2.37505e-09 48999.1 -4.95949e-09 -5.07687e+08)
(-26258.5 6580.1 6.76402e-10 46381.2 -9.31351e-10 -5.07688e+08)
(17280.8 -11405.6 8.68321e-11 8002.19 8.01285e-11 -5.07686e+08)
(-7551.84 -7436.66 1.20362e-09 27448.4 1.11213e-09 -5.07688e+08)
(-20363.4 -4088.08 -1.33659e-09 40700.2 1.20718e-09 -5.07688e+08)
(-27565.3 -2114.19 5.4771e-10 47087.1 -8.54042e-09 -5.07688e+08)
(-31236.2 -921.185 -4.31732e-11 49706.4 -3.99017e-11 -5.07688e+08)
(-32708.4 -156.573 -2.1825e-09 50145.4 1.92304e-09 -5.07688e+08)
(-32695.8 393.291 3.1898e-09 49459.3 6.64987e-09 -5.07688e+08)
(-31867.8 790.932 -1.17118e-09 47943.8 6.62601e-10 -5.07689e+08)
(-30232.1 1297.76 -5.54558e-09 46459.1 -5.12582e-09 -5.07689e+08)
(-28979 1609.89 6.47476e-09 44016.5 4.47878e-09 -5.07689e+08)
(15268.2 1091.24 5.58735e-09 20202.4 -1.14904e-09 -5.07684e+08)
(13405.7 935.975 1.84821e-10 16086.5 -2.26728e-09 -5.07686e+08)
(11824.4 827.319 -8.10711e-09 12289.4 -1.10781e-09 -5.07687e+08)
(10447.5 724.844 -2.71813e-09 8715.39 1.05242e-11 -5.07688e+08)
(9265.94 620.359 -2.15355e-10 5276.31 3.45422e-09 -5.07689e+08)
(8266.9 514.894 0 1877.5 0 -5.0769e+08)
(7443.97 410.702 0 -1532.34 0 -5.07691e+08)
(6787.3 309.565 2.65377e-09 -5011.95 -1.02753e-11 -5.07692e+08)
(6282.13 211.364 6.46748e-11 -8584.38 -1.17561e-09 -5.07693e+08)
(5923.88 116.65 5.24336e-09 -12291.1 -2.03037e-11 -5.07694e+08)
(5696.24 22.634 1.67854e-10 -16142 -3.56357e-09 -5.07695e+08)
(5605.77 -68.5164 -6.98167e-11 -20173.3 1.19409e-09 -5.07696e+08)
(5641.62 -162.864 1.40541e-10 -24386.7 -3.60065e-09 -5.07697e+08)
(5829.95 -262.38 -7.74181e-09 -28827.6 2.9985e-11 -5.07698e+08)
(6175.87 -371.48 2.52956e-09 -33507.3 1.20273e-09 -5.07699e+08)
(6701.17 -485.759 9.1427e-12 -38482.7 -3.54164e-14 -5.077e+08)
(7391.12 -617.581 -2.53956e-09 -43779.1 9.83851e-12 -5.07701e+08)
(8115.99 -725.251 2.51678e-09 -49503 -9.75095e-12 -5.07702e+08)
(8887.6 -704.232 -4.9732e-09 -55494 -3.6941e-09 -5.07703e+08)
(9435.93 -330.421 -2.50793e-09 -61396.8 2.53009e-09 -5.07704e+08)
(13469.4 6720.22 8.38328e-09 22067.5 -8.53531e-10 -5.07684e+08)
(11870.5 5980.91 1.75646e-10 17691.8 -2.25722e-09 -5.07685e+08)
(10594.8 5427.1 -2.63462e-09 13724.8 -1.10411e-09 -5.07687e+08)
(9461.27 4916.16 8.37383e-09 10013.7 -2.39557e-09 -5.07688e+08)
(8473.08 4426.64 1.05597e-10 6442.39 1.12357e-09 -5.07689e+08)
(7634.42 3960.78 -8.15023e-09 2936.54 1.25663e-09 -5.0769e+08)
(6939.51 3522.99 2.58112e-10 -576.965 -2.34581e-09 -5.07691e+08)
(6388.95 3114.37 0 -4132.52 0 -5.07692e+08)
(5967.87 2731.99 5.53207e-11 -7780.22 -1.17305e-09 -5.07693e+08)
(5678.84 2373 2.06991e-10 -11534.4 -2.38626e-09 -5.07694e+08)
(5504.77 2030.3 2.92131e-09 -15436.4 -5.98707e-09 -5.07695e+08)
(5458.28 1698.9 5.26314e-11 -19491.3 -1.36967e-11 -5.07696e+08)
(5528.95 1365.38 -2.53771e-09 -23741.2 -2.35604e-09 -5.07697e+08)
(5739.69 1031.86 2.55182e-09 -28191.3 -2.88571e-11 -5.07697e+08)
(6099.84 673.003 2.57642e-09 -32893 -4.15208e-11 -5.07698e+08)
(6634.8 290.744 -2.52543e-09 -37861.5 2.85632e-11 -5.077e+08)
(7310.76 -120.99 -2.52126e-09 -43171.9 2.85188e-11 -5.07701e+08)
(8009.65 -517.865 -4.99886e-09 -48899.2 5.65489e-11 -5.07702e+08)
(8735.86 -838.522 -4.16445e-11 -55092.5 2.90119e-11 -5.07703e+08)
(9303.22 -888.044 1.65579e-09 -61907.4 3.65479e-09 -5.07704e+08)
(9418.43 10843.7 2.6971e-09 24516.5 -4.80925e-11 -5.07684e+08)
(8315.59 9743.38 2.67333e-10 19856.3 -1.14389e-09 -5.07686e+08)
(7669.82 8931.94 -8.01066e-09 15723 1.42813e-10 -5.07687e+08)
(7058.48 8163.23 2.23239e-09 11844.2 1.1513e-09 -5.07688e+08)
(6505 7410.43 8.23131e-09 8108.54 -2.44366e-09 -5.07689e+08)
(6026.32 6683.2 -8.00158e-09 4449.09 1.29887e-09 -5.0769e+08)
(5628.35 5992.09 -2.77756e-09 799.954 8.93088e-11 -5.07691e+08)
(5320.57 5341.22 5.20774e-09 -2872.57 -9.28363e-11 -5.07692e+08)
(5098.42 4728.5 -4.81571e-09 -6616.65 -2.31527e-09 -5.07693e+08)
(4969.95 4149.09 -5.26172e-09 -10449.1 1.37006e-10 -5.07694e+08)
(4927.41 3593.63 5.00399e-09 -14411.3 -4.55849e-11 -5.07694e+08)
(4984.15 3054.63 7.59123e-09 -18513.1 -1.13512e-10 -5.07695e+08)
(5139.32 2516.84 4.96925e-11 -22796.4 -2.25428e-11 -5.07696e+08)
(5420.13 1964.18 -2.52267e-09 -27271.9 4.49839e-11 -5.07697e+08)
(5834.41 1383.16 2.4712e-09 -31991.1 -2.34186e-11 -5.07698e+08)
(6404.15 764.972 8.6514e-12 -36976.2 -1.54307e-13 -5.07699e+08)
(7118.01 88.3988 -2.48552e-09 -42309.4 4.43335e-11 -5.077e+08)
(7863.41 -599.695 2.42514e-09 -48078.7 1.21976e-09 -5.07702e+08)
(8639.49 -1220.14 2.36497e-09 -54341.9 6.25225e-09 -5.07703e+08)
(9286.27 -1498.86 9.18644e-13 -61156.4 -1.4029e-11 -5.07704e+08)
(3815 13571.1 0 27852.2 0 -5.07685e+08)
(3355.02 12324.2 2.51889e-10 22873.7 -1.12824e-09 -5.07686e+08)
(3543.14 11453 2.6125e-09 18566.2 -5.9822e-11 -5.07687e+08)
(3641.4 10592.1 2.8711e-09 14489.8 -1.34871e-10 -5.07688e+08)
(3689.69 9715.29 0 10544.7 0 -5.07689e+08)
(3716.49 8842.39 -2.27913e-09 6680.14 -1.13708e-09 -5.0769e+08)
(3739.19 7992.9 -2.95314e-09 2844.29 2.41319e-09 -5.07691e+08)
(3778.19 7177.36 -5.07076e-09 -993.158 1.16097e-10 -5.07692e+08)
(3841.5 6397.53 -3.85598e-10 -4875.13 1.28942e-09 -5.07693e+08)
(3946.04 5649.86 4.72307e-09 -8822.49 2.29425e-09 -5.07693e+08)
(4094.12 4926.09 2.20686e-09 -12874.9 2.37002e-09 -5.07694e+08)
(4307.31 4213.69 4.15366e-10 -17049 -2.53956e-09 -5.07695e+08)
(4592.99 3496.53 -2.04573e-09 -21387.2 -3.69716e-09 -5.07696e+08)
(4976.29 2760.06 2.31931e-09 -25908.9 1.21284e-09 -5.07697e+08)
(5480.94 1977.99 2.36887e-09 -30664.3 1.18998e-09 -5.07698e+08)
(6135.22 1129.32 -2.43638e-09 -35686.2 5.58088e-11 -5.07699e+08)
(6921.5 201.508 -7.63422e-12 -41055.6 1.74898e-13 -5.077e+08)
(7743.41 -763.663 7.21668e-09 -46858.8 1.10143e-09 -5.07701e+08)
(8589.4 -1670.75 -2.34432e-09 -53129 -1.28597e-09 -5.07703e+08)
(9288.11 -2108.8 -2.41635e-09 -59863.1 2.89554e-09 -5.07704e+08)
(-2811.13 14803.2 4.94996e-09 31665.8 2.01229e-09 -5.07686e+08)
(-2552.9 13635.3 -4.43289e-10 26436.1 1.15496e-09 -5.07687e+08)
(-1420.7 12914.7 -5.51447e-09 22017.9 1.30351e-09 -5.07688e+08)
(-500.184 12143.2 2.61651e-09 17769.1 -1.15745e-09 -5.07688e+08)
(256.955 11299.9 6.22968e-09 13613.1 -3.73627e-09 -5.07689e+08)
(886.465 10415.3 -2.59357e-09 9524.62 1.00823e-10 -5.0769e+08)
(1415.86 9519.25 0 5475.71 0 -5.07691e+08)
(1876.09 8630.89 2.46212e-09 1442.44 -6.41633e-11 -5.07692e+08)
(2289.03 7759.06 -6.83938e-10 -2608.07 3.64809e-09 -5.07692e+08)
(2681.64 6904.64 -2.7254e-09 -6701.31 1.33141e-09 -5.07693e+08)
(3069.65 6061.65 -4.3336e-09 -10871.9 -2.43118e-09 -5.07694e+08)
(3478.76 5220.02 -4.76784e-09 -15145.8 -1.04043e-09 -5.07695e+08)
(3927.78 4361.55 6.48869e-09 -19561 3.78759e-09 -5.07696e+08)
(4452.72 3461.75 7.05297e-09 -24149.3 1.07949e-09 -5.07697e+08)
(5077.17 2498.24 1.52211e-10 -28959.7 -1.31374e-09 -5.07698e+08)
(5829.87 1445.71 -2.24457e-09 -34035.9 -1.25817e-09 -5.07699e+08)
(6720.31 271.387 1.89092e-10 -39447.6 -2.65001e-09 -5.077e+08)
(7641.33 -965.854 7.59364e-11 -45275.7 -1.32924e-09 -5.07701e+08)
(8557.58 -2132.72 4.75003e-09 -51523.1 -2.70111e-09 -5.07702e+08)
(9298.86 -2702.38 2.34633e-09 -58140.5 9.49791e-10 -5.07704e+08)
(-9855.34 14491.3 2.77872e-09 35514.7 4.98252e-10 -5.07686e+08)
(-8893.2 13619.8 1.12595e-10 30213.1 -3.05004e-11 -5.07687e+08)
(-6814.16 13250.1 -2.88116e-09 25816.3 1.21242e-09 -5.07688e+08)
(-5041.62 12749.5 -8.15282e-09 21476 2.52466e-09 -5.07689e+08)
(-3538.09 12101.1 2.57006e-09 17147.7 -1.16474e-09 -5.07689e+08)
(-2263.8 11346.2 4.96501e-09 12854.4 -1.73813e-10 -5.0769e+08)
(-1187.77 10521.5 -2.40861e-09 8589.3 6.49829e-11 -5.07691e+08)
(-266.181 9658.76 1.97228e-09 4351.55 1.20984e-09 -5.07691e+08)
(533.08 8774.7 3.50439e-09 110.866 -3.93439e-09 -5.07692e+08)
(1250.07 7879.84 -6.97366e-09 -4147.74 1.40872e-10 -5.07693e+08)
(1908.77 6972.91 -2.50193e-09 -8464.05 1.63619e-10 -5.07694e+08)
(2546.93 6046.02 1.11888e-08 -12858 2.24863e-09 -5.07695e+08)
(3188.27 5081.27 1.32611e-09 -17377.5 6.4014e-09 -5.07696e+08)
(3870.54 4056.91 -6.93561e-09 -22049.2 1.87179e-10 -5.07697e+08)
(4630.28 2937.87 -2.15392e-09 -26931.4 -1.25085e-09 -5.07697e+08)
(5508.96 1689.52 -4.92332e-09 -32062.9 2.90085e-09 -5.07698e+08)
(6496.45 285.604 -5.62605e-11 -37524.9 8.39171e-11 -5.07699e+08)
(7512.87 -1210.14 6.92642e-09 -43364.4 -1.52065e-09 -5.07701e+08)
(8505.89 -2619.2 2.24029e-09 -49590.2 1.2791e-09 -5.07702e+08)
(9309.07 -3279.81 9.37385e-12 -56017.6 -2.69016e-09 -5.07703e+08)
(-16692.1 12685.8 -2.73981e-09 38875.6 -5.79182e-10 -5.07687e+08)
(-15131.6 12292.3 2.27451e-09 33803.4 -2.72709e-11 -5.07688e+08)
(-12219.5 12438.4 6.56857e-10 29615.4 -1.18756e-09 -5.07688e+08)
(-9658.91 12369.4 -2.37763e-09 25318.6 6.04713e-11 -5.07689e+08)
(-7451.02 12065.6 -9.39691e-10 20896.6 2.38629e-09 -5.07689e+08)
(-5552.02 11573 4.47055e-10 16462.3 -1.21429e-09 -5.0769e+08)
(-3940.83 10931.7 3.34123e-09 12004.6 -2.63136e-09 -5.0769e+08)
(-2552.21 10189.1 -5.92116e-09 7585.89 3.98694e-09 -5.07691e+08)
(-1359.15 9369.92 -3.48804e-09 3148.04 2.88666e-09 -5.07692e+08)
(-298.116 8499.6 5.72189e-09 -1272.66 -4.10234e-09 -5.07693e+08)
(648.93 7581.39 -6.28462e-10 -5755.84 2.61357e-09 -5.07693e+08)
(1539.9 6617.51 6.69008e-09 -10273.6 -1.70129e-10 -5.07694e+08)
(2389.47 5588.99 2.8709e-09 -14920.2 -2.84592e-09 -5.07695e+08)
(3261.37 4470.91 -6.39099e-09 -19672.9 -1.23607e-09 -5.07696e+08)
(4165.04 3227.52 3.72435e-09 -24642.7 4.13092e-09 -5.07697e+08)
(5155.78 1818.03 1.13079e-10 -29808.5 -1.58993e-10 -5.07698e+08)
(6222.64 196.946 -6.86216e-09 -35296.6 2.91972e-09 -5.07699e+08)
(7319.75 -1552.06 2.20198e-09 -41097.1 -5.60475e-11 -5.077e+08)
(8333.69 -3181.24 2.2656e-09 -47302.9 -1.48215e-09 -5.07701e+08)
(9271.57 -3842.43 6.77821e-12 -53468.3 -1.42331e-09 -5.07703e+08)
(-22674.9 9572.33 1.41682e-10 41223.4 -3.09512e-11 -5.07688e+08)
(-20714.2 9789.59 -2.16788e-09 36740.5 1.31688e-11 -5.07689e+08)
(-17166.1 10594.7 -1.6976e-09 33120 -1.10105e-09 -5.07689e+08)
(-14013.5 11075.5 0 28969.9 0 -5.07689e+08)
(-11205.6 11258.3 0 24687.2 0 -5.07689e+08)
(-8803.13 11129.6 -5.08396e-09 20125.6 1.38243e-09 -5.0769e+08)
(-6692.18 10784.3 6.31427e-09 15630.2 -2.23106e-11 -5.0769e+08)
(-4899.02 10237.5 1.17838e-08 10982.2 -1.70385e-09 -5.07691e+08)
(-3301.78 9565.84 -1.03255e-08 6456.88 -9.26261e-11 -5.07692e+08)
(-1926.83 8774.52 -7.2122e-09 1789.59 1.66917e-09 -5.07692e+08)
(-657.421 7905.36 4.30426e-09 -2768.33 -9.1618e-11 -5.07693e+08)
(472.696 6944.53 1.71182e-09 -7515.09 1.39247e-09 -5.07694e+08)
(1580.41 5896.09 9.94718e-10 -12199.1 -4.22614e-09 -5.07695e+08)
(2618.1 4725.59 5.13415e-09 -17150.4 -4.42476e-09 -5.07696e+08)
(3710.28 3398.64 1.51039e-10 -22093.3 -1.93789e-10 -5.07697e+08)
(4783.94 1865.78 -5.33965e-09 -27391.8 -7.10083e-09 -5.07698e+08)
(5946.1 76.8699 0 -32731.7 0 -5.07698e+08)
(7004.84 -1902.65 -2.44965e-10 -38564.6 2.97504e-09 -5.077e+08)
(8084.54 -3722.02 6.24587e-11 -44378.4 -1.43806e-09 -5.07701e+08)
(9143.89 -4347.36 2.26811e-11 -50910.9 -4.39547e-09 -5.07702e+08)
(-27028.6 5552.32 -1.57556e-10 42145.5 3.11294e-11 -5.07689e+08)
(-24775.5 6588.04 7.40807e-10 39109.6 -1.11192e-09 -5.07689e+08)
(-21016.7 8074.06 -8.69733e-10 36156.1 1.19097e-09 -5.07689e+08)
(-17553.2 9202.42 -8.41046e-10 32578.1 1.23258e-09 -5.07689e+08)
(-14455.7 9915.63 3.74745e-09 28407 -2.57764e-09 -5.07689e+08)
(-11695.4 10258.6 1.70787e-09 24020.3 -2.68572e-09 -5.07689e+08)
(-9262.83 10270.2 -3.32882e-09 19367.4 2.60327e-09 -5.0769e+08)
(-7105.98 10020.5 -3.10938e-09 14711.6 -2.50662e-09 -5.07691e+08)
(-5207.57 9554.72 1.46488e-09 9916.88 3.33113e-10 -5.07691e+08)
(-3502.68 8924.05 3.24131e-09 5188.6 2.61515e-09 -5.07692e+08)
(-1980.38 8150.69 -1.65407e-09 331.435 4.43384e-09 -5.07693e+08)
(-566.738 7254.53 9.32049e-11 -4467.08 -7.8203e-11 -5.07693e+08)
(736.909 6225.43 -5.69163e-09 -9444.27 -1.3556e-09 -5.07694e+08)
(2011.91 5048.42 -1.33923e-10 -14399.1 1.52817e-10 -5.07695e+08)
(3230.63 3685.88 5.06269e-10 -19603.4 -2.87614e-09 -5.07696e+08)
(4463.88 2097.84 -8.21854e-11 -24805.8 1.39832e-10 -5.07697e+08)
(5625.16 204.51 7.87289e-09 -30291.6 1.44043e-09 -5.07698e+08)
(6747.41 -1883.12 -1.08391e-10 -35656 1.43814e-09 -5.07699e+08)
(7953.74 -3971.11 -8.21426e-09 -41601.1 1.66839e-09 -5.077e+08)
(9149.71 -4915.31 -1.36607e-09 -48459.6 1.75774e-09 -5.07701e+08)
(-29630.4 1072.61 2.62735e-11 40358.4 3.94843e-10 -5.0769e+08)
(-27109.7 3118.7 -6.46375e-10 39140.9 1.51553e-09 -5.0769e+08)
(-23599.8 5191.33 1.86294e-09 37226.1 -4.1012e-10 -5.07689e+08)
(-20202.5 6894.14 -6.40689e-09 34412.8 -3.4641e-10 -5.07689e+08)
(-17032.3 8173.66 -5.6547e-09 30811.1 7.47913e-10 -5.07689e+08)
(-14085.5 9038.12 4.76667e-09 26745.3 9.89027e-10 -5.07689e+08)
(-11421.3 9509.16 5.52727e-09 22268 1.59759e-09 -5.0769e+08)
(-8993.56 9639.75 5.65802e-09 17629.4 -3.25935e-10 -5.0769e+08)
(-6835.66 9481.97 -3.86333e-09 12789 1.96425e-09 -5.07691e+08)
(-4868.61 9081.78 1.61301e-10 7930.8 2.57101e-10 -5.07692e+08)
(-3115.64 8483.57 -5.66616e-10 2938.3 -7.19794e-10 -5.07692e+08)
(-1478.69 7698.32 -5.59043e-09 -2034.89 2.55075e-10 -5.07693e+08)
(13.4276 6746.76 0 -7157.68 0 -5.07694e+08)
(1467.73 5596 9.24479e-10 -12271.1 4.77907e-09 -5.07695e+08)
(2831.7 4245.05 -1.2116e-10 -17575.3 -1.94201e-10 -5.07696e+08)
(4181.18 2639.15 -6.82437e-10 -22860.2 4.85967e-09 -5.07697e+08)
(5399.37 793.163 1.84171e-09 -28272.9 -1.97775e-10 -5.07698e+08)
(6688.99 -1437.04 2.31768e-10 -33484.4 -3.32182e-09 -5.07698e+08)
(7994.93 -3958.97 -3.18524e-11 -39222.9 -1.92887e-10 -5.077e+08)
(9137.94 -5343.1 -2.15081e-11 -45944.7 2.91844e-09 -5.07701e+08)
(-27492.3 -1063.72 2.46932e-09 39041.1 8.6622e-11 -5.0769e+08)
(-25658.7 1092.65 -6.72117e-10 37285.5 1.68483e-09 -5.0769e+08)
(-23588.7 2949.58 -1.12527e-09 35522 6.80695e-11 -5.0769e+08)
(-21034.4 4664.36 5.99107e-10 33003.1 -1.70108e-09 -5.0769e+08)
(-18281.7 6141.79 6.37614e-10 29932.1 5.1756e-09 -5.0769e+08)
(-15564.4 7277.31 1.87588e-10 26182.2 3.37361e-09 -5.0769e+08)
(-12931.2 8067.07 -2.2482e-09 22129.7 1.71508e-09 -5.0769e+08)
(-10491 8508.28 -1.31234e-09 17666.6 -1.71648e-09 -5.07691e+08)
(-8203.78 8642.55 2.9949e-09 13118 -5.15072e-09 -5.07691e+08)
(-6132.1 8499.09 -3.73576e-10 8310.06 -4.58359e-11 -5.07692e+08)
(-4190.45 8111.96 1.0073e-09 3523.41 -3.3772e-09 -5.07692e+08)
(-2427.06 7502.69 -2.98466e-10 -1477.55 -5.27213e-11 -5.07693e+08)
(-731.822 6673.08 0 -6419.95 0 -5.07694e+08)
(841.004 5621.58 -2.2442e-10 -11585 1.69602e-09 -5.07695e+08)
(2400.29 4324.38 1.88194e-10 -16676.3 -1.6876e-09 -5.07696e+08)
(3837.91 2796.75 -1.52743e-10 -21996.5 -8.35021e-11 -5.07696e+08)
(5251.55 994.87 -1.64393e-09 -27070.7 -1.6666e-09 -5.07697e+08)
(6510.04 -1187.33 8.3427e-11 -32213.9 1.06799e-10 -5.07698e+08)
(8048.96 -3924.14 4.9905e-11 -37316.5 1.20247e-10 -5.07699e+08)
(9282.05 -5797.07 5.7384e-12 -43260.9 1.34755e-10 -5.077e+08)
(-25506.9 -2626.25 1.68448e-09 37665.6 -6.72583e-10 -5.0769e+08)
(-23317.3 -463.547 0 35369.3 0 -5.0769e+08)
(-21523.4 1344.04 -1.76133e-09 33543.9 1.88931e-13 -5.0769e+08)
(-19509.1 2984.3 2.97225e-23 31317 -6.05362e-24 -5.0769e+08)
(-17304 4448.32 -3.11816e-24 28512.2 -1.21248e-23 -5.0769e+08)
(-15009.6 5663.21 1.25244e-23 25163.9 -2.3469e-23 -5.0769e+08)
(-12718.7 6581.32 2.44423e-23 21371 -1.21032e-23 -5.0769e+08)
(-10491.6 7188.63 -1.76137e-09 17247.4 1.67695e-13 -5.07691e+08)
(-8367.2 7494.28 0 12876.4 0 -5.07691e+08)
(-6357.17 7517.83 1.76139e-09 8332.97 -1.67218e-13 -5.07692e+08)
(-4462.65 7279.51 -1.81874e-23 3653.35 -6.84276e-24 -5.07692e+08)
(-2667.07 6793.24 -1.76141e-09 -1124.99 1.72638e-13 -5.07693e+08)
(-954.493 6063.91 1.76141e-09 -5995.51 -1.77626e-13 -5.07694e+08)
(701.6 5081.12 1.2123e-23 -10934.4 -1.21014e-23 -5.07695e+08)
(2310.27 3838.45 -1.76143e-09 -15947.7 1.92661e-13 -5.07695e+08)
(3844.95 2373.36 -1.21005e-23 -21007.3 1.96941e-25 -5.07696e+08)
(5259.28 705.117 1.76145e-09 -26012.8 -2.13781e-13 -5.07697e+08)
(6735.72 -1462.06 1.76145e-09 -30742.9 -2.28407e-13 -5.07698e+08)
(8156.64 -4269.59 -1.21015e-23 -35514.9 -6.45128e-24 -5.07699e+08)
(9306.53 -6154.48 -4.03371e-24 -40458.8 -6.45115e-24 -5.07699e+08)
(-23411.8 -4104.04 1.7615e-09 35572.4 1.76132e-09 -5.0769e+08)
(-21317.6 -1944.86 1.87461e-13 33598.2 1.76152e-09 -5.07689e+08)
(-19557.3 -176.115 -1.76114e-09 31763.9 1.76171e-09 -5.07689e+08)
(-17762.4 1385.69 0 29617.5 0 -5.0769e+08)
(-15854.5 2797.28 1.76155e-09 27035 1.76131e-09 -5.0769e+08)
(-13861.7 4017.87 1.76178e-09 23976.3 3.52279e-09 -5.0769e+08)
(-11828.8 4998.26 -1.76115e-09 20506.9 1.76166e-09 -5.0769e+08)
(-9811.05 5706.37 -1.76093e-09 16690.2 3.52311e-09 -5.07691e+08)
(-7840.89 6132.98 1.76138e-09 12613.6 -1.79875e-13 -5.07691e+08)
(-5943.55 6281.25 4.48673e-13 8326.23 3.52288e-09 -5.07692e+08)
(-4120.25 6159.54 2.25739e-13 3886.9 1.76143e-09 -5.07692e+08)
(-2370.24 5774.19 4.53472e-13 -684.431 3.52282e-09 -5.07693e+08)
(-676.206 5125.61 4.54817e-13 -5351.06 3.5228e-09 -5.07694e+08)
(973.987 4204.44 2.27819e-13 -10107.4 1.76138e-09 -5.07694e+08)
(2591.54 3009.82 4.56024e-13 -14924.7 3.52274e-09 -5.07695e+08)
(4150.72 1598.31 4.56038e-13 -19789.8 3.52271e-09 -5.07696e+08)
(5625.09 5.05792 -1.76145e-09 -24584.2 2.27831e-13 -5.07697e+08)
(6950.92 -2035 2.2756e-13 -29188.8 1.76133e-09 -5.07697e+08)
(8387.11 -4793.3 2.26955e-13 -33499.2 1.76132e-09 -5.07698e+08)
(9502.25 -6508.1 4.50633e-14 -37611.8 1.7613e-09 -5.07699e+08)
(-20876.4 -5618.54 6.80314e-09 32792.7 -2.39831e-09 -5.0769e+08)
(-19104.6 -3463.66 -1.82633e-13 31390.3 -1.76151e-09 -5.07689e+08)
(-17439.6 -1683.79 -3.52249e-09 29765 1.76191e-09 -5.07689e+08)
(-15783.8 -147.814 5.94448e-23 27775.2 -1.81582e-23 -5.0769e+08)
(-14082.8 1224.46 3.52291e-09 25387.7 1.7611e-09 -5.0769e+08)
(-12324.2 2430.99 0 22593 0 -5.0769e+08)
(-10526.9 3433.42 -2.16611e-13 19413.1 -1.76147e-09 -5.0769e+08)
(-8719.69 4197.62 -3.52275e-09 15904.7 3.83906e-13 -5.07691e+08)
(-6932.1 4701.87 7.27426e-23 12120.4 -2.42092e-23 -5.07691e+08)
(-5181.7 4937.93 3.52278e-09 8118.82 -3.86973e-13 -5.07692e+08)
(-3478.25 4902.51 2.30112e-13 3937.98 1.76142e-09 -5.07692e+08)
(-1818.82 4594.59 -1.21004e-23 -382.531 -5.85294e-25 -5.07693e+08)
(-196.65 4009.91 -7.26023e-23 -4822.07 8.46836e-27 -5.07693e+08)
(1402.86 3136.93 -2.34207e-13 -9350.59 -1.76139e-09 -5.07694e+08)
(2983.08 1977.79 -3.63015e-23 -13954.6 4.55554e-27 -5.07695e+08)
(4513.18 612.868 -3.52288e-09 -18597.4 4.61496e-13 -5.07696e+08)
(5933.79 -888.173 2.34656e-23 -23191.5 -1.21031e-23 -5.07696e+08)
(7360.81 -2850.92 3.52314e-09 -27521.8 1.76082e-09 -5.07697e+08)
(8592.75 -5450.7 2.33932e-13 -31569.4 1.76132e-09 -5.07698e+08)
(9506.45 -6780.62 4.66654e-14 -35106.6 1.76131e-09 -5.07698e+08)
(-17836.3 -6979.35 -3.34385e-13 29791.7 -3.52301e-09 -5.0769e+08)
(-16375.1 -4877.72 1.76117e-09 28922.8 -1.76171e-09 -5.07689e+08)
(-14950.4 -3107.86 -3.73175e-13 27594.3 -3.52299e-09 -5.07689e+08)
(-13484.9 -1580.92 1.17337e-23 25822.8 6.04908e-24 -5.07689e+08)
(-11981.3 -225.107 1.76095e-09 23653.5 -3.52317e-09 -5.0769e+08)
(-10436.9 970.771 -1.76158e-09 21104.5 -1.76127e-09 -5.0769e+08)
(-8860.08 1982.03 -1.76159e-09 18201 -1.76126e-09 -5.0769e+08)
(-7267.44 2776.86 -4.43829e-13 14982.1 -3.52291e-09 -5.07691e+08)
(-5677.78 3330.06 1.76139e-09 11492.4 -2.03486e-13 -5.07691e+08)
(-4105.45 3625.28 1.76116e-09 7776.48 -1.76164e-09 -5.07691e+08)
(-2557.88 3651.36 -4.67432e-13 3873.2 -3.52285e-09 -5.07692e+08)
(-1034.71 3400.01 -1.76165e-09 -184.638 -1.7612e-09 -5.07693e+08)
(470.62 2862.41 -1.76189e-09 -4370.5 -3.52258e-09 -5.07693e+08)
(1967.75 2024.84 -2.39614e-13 -8659.29 -1.76139e-09 -5.07694e+08)
(3457.93 893.704 1.76095e-09 -13028.4 -3.52298e-09 -5.07695e+08)
(4921.71 -437.639 -2.40906e-13 -17439.1 -1.76136e-09 -5.07695e+08)
(6320.64 -1879.41 3.9112e-25 -21800.2 -5.63835e-29 -5.07696e+08)
(7533.69 -3699.99 1.76097e-09 -25981.3 -3.52294e-09 -5.07697e+08)
(8759.83 -6117.1 -4.79459e-13 -29753.7 -3.52265e-09 -5.07697e+08)
(9649.67 -7052.41 -9.61349e-14 -32958.9 -3.52263e-09 -5.07698e+08)
(-14286.2 -8052.98 4.99922e-11 26795.6 2.28625e-09 -5.07689e+08)
(-13213.5 -6076.31 1.7222e-13 26331.8 1.76149e-09 -5.07689e+08)
(-12052.5 -4348.31 -1.76136e-09 25305.4 2.12988e-13 -5.07689e+08)
(-10818.9 -2838.58 0 23788.1 0 -5.07689e+08)
(-9535.68 -1494.81 1.76137e-09 21856.7 -2.11707e-13 -5.07689e+08)
(-8213.34 -306.496 1.76116e-09 19555 -1.76168e-09 -5.0769e+08)
(-6861.33 707.789 -1.76116e-09 16916.5 1.76167e-09 -5.0769e+08)
(-5491.11 1519.55 -1.76139e-09 13977.1 2.12405e-13 -5.0769e+08)
(-4115.63 2102.89 1.76139e-09 10773.5 -2.13903e-13 -5.07691e+08)
(-2745.14 2437.36 -2.33231e-13 7344.04 -1.76143e-09 -5.07691e+08)
(-1385.38 2506.18 6.07105e-24 3722.24 -2.38587e-23 -5.07692e+08)
(-35.6249 2295.61 -2.40404e-13 -61.3329 -1.76141e-09 -5.07692e+08)
(1308.92 1792.3 0 -3982.26 0 -5.07693e+08)
(2657.01 979.824 2.44737e-13 -8016.19 1.76139e-09 -5.07694e+08)
(4011.32 -133.338 0 -12140.9 0 -5.07694e+08)
(5341.87 -1436.15 -2.46485e-13 -16323.1 -1.76136e-09 -5.07695e+08)
(6591.16 -2809.53 -1.76145e-09 -20486.9 2.65996e-13 -5.07696e+08)
(7848.12 -4545.02 6.04863e-24 -24451.4 -1.21249e-23 -5.07696e+08)
(8870.53 -6754.61 -1.68781e-27 -28129.8 -1.21239e-23 -5.07697e+08)
(9582.11 -7272.95 -2.01712e-24 -31278.8 -1.21228e-23 -5.07697e+08)
(-10372.5 -8795.62 1.71473e-09 23880 -4.87293e-10 -5.07689e+08)
(-9594.82 -6960.33 -1.68324e-13 23737.7 -1.76148e-09 -5.07689e+08)
(-8742.64 -5319.5 -1.76137e-09 22969.1 2.16858e-13 -5.07689e+08)
(-7782.06 -3854.26 3.05041e-23 21701.5 -1.8155e-23 -5.07689e+08)
(-6749.63 -2534.91 -1.79808e-23 20014.2 -1.7794e-23 -5.07689e+08)
(-5669.63 -1359.75 -2.09287e-13 17961.1 -1.76146e-09 -5.07689e+08)
(-4556.05 -348.742 -2.17326e-13 15583.1 -1.76146e-09 -5.0769e+08)
(-3420.99 470.351 -1.76139e-09 12915.7 2.21239e-13 -5.0769e+08)
(-2274.99 1071.34 0 9992.55 0 -5.07691e+08)
(-1126.4 1431.59 1.76117e-09 6846.62 -1.76166e-09 -5.07691e+08)
(20.4156 1530.82 -4.24098e-23 3508.32 1.21301e-23 -5.07691e+08)
(1165.34 1350.71 -1.76166e-09 4.53468 -1.76118e-09 -5.07692e+08)
(2312.52 873.703 1.76142e-09 -3641.99 -2.41742e-13 -5.07693e+08)
(3469.1 80.6323 -2.5006e-13 -7410.94 -1.76139e-09 -5.07693e+08)
(4636.27 -1018.36 -1.76143e-09 -11284.1 2.58615e-13 -5.07694e+08)
(5802.42 -2303.73 -2.52297e-13 -15233.2 -1.76137e-09 -5.07694e+08)
(6940.61 -3639.81 1.76145e-09 -19192.9 -2.77628e-13 -5.07695e+08)
(7917.16 -5260.17 1.76145e-09 -23078.1 -2.88391e-13 -5.07696e+08)
(8938.59 -7314.13 1.72795e-27 -26687.2 1.21239e-23 -5.07696e+08)
(9674.97 -7515.65 -4.0332e-24 -29908 1.21259e-23 -5.07697e+08)
(-6134.71 -9176.1 -1.52709e-13 21134.5 -1.76147e-09 -5.07689e+08)
(-5661.76 -7509.16 -1.65978e-13 21198 -1.76147e-09 -5.07689e+08)
(-5100.7 -5981.89 -1.78366e-13 20636 -1.76147e-09 -5.07689e+08)
(-4418.05 -4586.18 0 19595.7 0 -5.07689e+08)
(-3652.93 -3309.55 -2.00417e-13 18144.4 -1.76146e-09 -5.07689e+08)
(-2831.34 -2159.27 0 16336.8 0 -5.07689e+08)
(-1970.54 -1160.64 -2.18875e-13 14215 -1.76145e-09 -5.07689e+08)
(-1083.4 -343.177 0 11814.6 0 -5.0769e+08)
(-180.115 265.89 0 9166.73 0 -5.0769e+08)
(731.666 642.664 0 6301.12 0 -5.07691e+08)
(1646.95 764.535 -2.45199e-13 3245.1 -1.76142e-09 -5.07691e+08)
(2563.77 609.871 0 23.3025 0 -5.07692e+08)
(3483.93 157.317 0 -3343.5 0 -5.07692e+08)
(4413.05 -616.757 -2.55914e-13 -6838.73 -1.76139e-09 -5.07693e+08)
(5356.24 -1704.5 0 -10450.9 0 -5.07693e+08)
(6296.21 -2976.98 0 -14170.6 0 -5.07694e+08)
(7195.69 -4278.69 0 -17965.3 0 -5.07695e+08)
(8166.62 -5867.26 -2.58478e-13 -21717.2 -1.76135e-09 -5.07695e+08)
(8975.62 -7799.18 -2.57587e-13 -25402.1 -1.76134e-09 -5.07696e+08)
(9559.56 -7729.21 -5.23843e-14 -28880 -1.76133e-09 -5.07697e+08)
(-1697.7 -9212.88 -1.71657e-09 18565.1 2.17307e-09 -5.07688e+08)
(-1451.3 -7718.93 0 18765.3 0 -5.07688e+08)
(-1184.37 -6322.46 1.7826e-13 18352.2 1.76146e-09 -5.07688e+08)
(-778.97 -5016.87 0 17503.9 0 -5.07688e+08)
(-286.499 -3799.43 2.0158e-13 16270.2 1.76146e-09 -5.07689e+08)
(267.954 -2687.23 2.1191e-13 14698 1.76145e-09 -5.07689e+08)
(866.226 -1711.5 0 12826.4 0 -5.07689e+08)
(1496.15 -905.162 0 10687.7 0 -5.07689e+08)
(2147.88 -296.841 0 8310.07 0 -5.0769e+08)
(2813.63 88.7422 2.44241e-13 5719.67 1.76142e-09 -5.0769e+08)
(3486.43 227.849 2.50115e-13 2941.33 1.76142e-09 -5.07691e+08)
(4161.13 97.2063 2.55124e-13 -1.56709 1.76141e-09 -5.07691e+08)
(4835.07 -328.042 0 -3088.5 0 -5.07692e+08)
(5509.3 -1076.84 0 -6305.05 0 -5.07692e+08)
(6187.83 -2146.8 0 -9648.27 0 -5.07693e+08)
(6876.49 -3413.3 2.66124e-13 -13123.6 1.76137e-09 -5.07694e+08)
(7580.56 -4719.41 0 -16725.7 0 -5.07694e+08)
(8197.91 -6275.83 2.66116e-13 -20456.9 1.76135e-09 -5.07695e+08)
(8995.72 -8182.66 2.65237e-13 -24213.7 1.76134e-09 -5.07696e+08)
(9629.44 -7980.11 5.41121e-14 -27994.7 1.76133e-09 -5.07697e+08)
(2911.71 -8955.42 -5.19242e-09 16187.6 7.47801e-10 -5.07688e+08)
(2904.36 -7628.58 1.66331e-13 16442.9 1.76145e-09 -5.07688e+08)
(2929.18 -6358.53 5.67168e-24 16139.1 5.67053e-24 -5.07688e+08)
(3076.43 -5149.21 1.17347e-23 15450.5 1.20991e-23 -5.07688e+08)
(3303.5 -4000.9 1.76141e-09 14412.7 -2.31708e-13 -5.07688e+08)
(3590.04 -2937.45 -1.7612e-09 13062.7 1.76168e-09 -5.07688e+08)
(3922.44 -1994.85 -1.76119e-09 11432.8 1.76168e-09 -5.07689e+08)
(4290.98 -1209.4 0 9549.74 0 -5.07689e+08)
(4687.61 -611.248 1.76142e-09 7436.5 -2.46251e-13 -5.0769e+08)
(5104.33 -225.369 1.76167e-09 5114.49 1.76117e-09 -5.0769e+08)
(5532.74 -74.7547 -6.05199e-24 2605.3 -1.21236e-23 -5.0769e+08)
(5962.87 -182.121 -1.76117e-09 -68.2412 1.76167e-09 -5.07691e+08)
(6384.41 -573.419 -1.76143e-09 -2883.5 2.7001e-13 -5.07691e+08)
(6790.93 -1283.66 2.69876e-13 -5823.99 1.76139e-09 -5.07692e+08)
(7184.51 -2321.71 1.76144e-09 -8888.4 -2.88878e-13 -5.07693e+08)
(7562.27 -3572.59 2.74616e-13 -12105.2 1.76137e-09 -5.07693e+08)
(7926.93 -4882.93 3.89228e-25 -15517.4 -1.21001e-23 -5.07694e+08)
(8465.38 -6510.72 1.76145e-09 -19121.2 -3.20307e-13 -5.07695e+08)
(8998.69 -8470.7 -1.9178e-27 -23042.4 -1.23195e-23 -5.07696e+08)
(9478.05 -8211.52 -2.01679e-24 -27275.7 -3.8996e-25 -5.07696e+08)
(7618.31 -8453.68 1.76142e-09 13965.9 -2.13302e-13 -5.07687e+08)
(7426.89 -7264.03 -1.19192e-23 14247.1 -2.42479e-23 -5.07687e+08)
(7212.75 -6111.92 -1.76142e-09 14014.3 2.24917e-13 -5.07687e+08)
(7107.44 -4996.77 0 13455.1 0 -5.07688e+08)
(7075 -3921.79 1.76142e-09 12591.3 -2.34727e-13 -5.07688e+08)
(7097.21 -2914.02 1.76142e-09 11449.3 -2.39005e-13 -5.07688e+08)
(7165.42 -2013.02 -1.76142e-09 10051.5 2.43151e-13 -5.07688e+08)
(7273.58 -1258.01 -1.76142e-09 8417.82 2.47424e-13 -5.07689e+08)
(7416.07 -680.487 1.76143e-09 6562.85 -2.52043e-13 -5.07689e+08)
(7586.97 -305.16 -2.40501e-23 4501.67 2.42043e-23 -5.0769e+08)
(7776.79 -152.395 -3.87567e-25 2249.41 2.38579e-23 -5.0769e+08)
(7972.21 -240.904 1.19309e-23 -172.37 1.20985e-23 -5.07691e+08)
(8152.99 -593.549 -1.87846e-27 -2738.45 -1.21003e-23 -5.07691e+08)
(8298.73 -1246.94 3.65536e-23 -5421.46 -2.46457e-23 -5.07692e+08)
(8394.28 -2222.52 -1.21266e-23 -8212.9 -1.20981e-23 -5.07692e+08)
(8447.61 -3431.81 1.21257e-23 -11139.8 6.04794e-24 -5.07693e+08)
(8507.98 -4759.72 -1.76145e-09 -14276.3 3.18713e-13 -5.07694e+08)
(8558.09 -6457.34 1.96725e-27 -17779.5 1.21241e-23 -5.07694e+08)
(9018.89 -8596.34 -1.20987e-23 -21767 1.21264e-23 -5.07695e+08)
(9533.44 -8481.53 4.02131e-28 -26504.5 1.21239e-23 -5.07696e+08)
(12451 -7730.67 -5.17875e-09 11908.5 5.97552e-10 -5.07687e+08)
(12047.1 -6653.05 -6.04847e-24 12164.1 1.81877e-23 -5.07687e+08)
(11614.2 -5604.86 -1.94273e-25 11981 1.21247e-23 -5.07687e+08)
(11270.3 -4576.99 1.25157e-23 11528.9 -1.64584e-27 -5.07687e+08)
(10987.1 -3575.16 1.76143e-09 10821.7 -2.37053e-13 -5.07687e+08)
(10752.4 -2626.3 -1.76143e-09 9873.12 2.42039e-13 -5.07688e+08)
(10562.6 -1773.1 -1.76143e-09 8699.21 2.46847e-13 -5.07688e+08)
(10414.7 -1056.66 0 7307.9 0 -5.07688e+08)
(10307.8 -510.79 1.76143e-09 5707.44 -2.56953e-13 -5.07689e+08)
(10238.5 -159.566 1.76144e-09 3899.8 -2.62662e-13 -5.07689e+08)
(10201.3 -20.458 1.82097e-27 1892.66 1.19289e-23 -5.0769e+08)
(10181.5 -103.835 -1.76144e-09 -302.022 2.76178e-13 -5.0769e+08)
(10153 -421.78 -1.76144e-09 -2654.61 2.8428e-13 -5.07691e+08)
(10076.1 -1003.19 1.21006e-23 -5124.52 -2.01685e-27 -5.07691e+08)
(9910.66 -1875.29 1.76144e-09 -7669.51 -3.04259e-13 -5.07692e+08)
(9616.77 -2979.26 -3.91119e-25 -10299.7 7.00947e-29 -5.07692e+08)
(9220.43 -4254.39 3.9112e-25 -13098.6 -7.26227e-29 -5.07693e+08)
(9044.96 -6083.32 1.76145e-09 -16257.7 -3.40707e-13 -5.07694e+08)
(9073.74 -8522.83 -1.20986e-23 -20304.4 1.21265e-23 -5.07695e+08)
(9354.29 -8725.8 4.21525e-28 -25604.3 1.21239e-23 -5.07696e+08)
(17355.5 -6794.46 5.83846e-11 9973.04 2.61332e-10 -5.07686e+08)
(16776.4 -5812.32 1.7842e-13 10197.1 1.76143e-09 -5.07686e+08)
(16108.9 -4851.26 -1.76145e-09 10041.7 2.2599e-13 -5.07686e+08)
(15529.7 -3902.84 0 9678.97 0 -5.07686e+08)
(15003.1 -2970.25 1.76144e-09 9112.78 -2.38731e-13 -5.07687e+08)
(14521.2 -2080.45 1.76121e-09 8345.74 -1.76167e-09 -5.07687e+08)
(14082.8 -1277.5 -1.7612e-09 7386.93 1.76167e-09 -5.07687e+08)
(13687.1 -604.722 -1.76094e-09 6233.44 3.52309e-09 -5.07688e+08)
(13337.2 -99.0016 1.76144e-09 4886.17 -2.60997e-13 -5.07688e+08)
(13034 213.642 -2.68773e-13 3331.12 -1.76141e-09 -5.07689e+08)
(12780.4 317.758 -3.94925e-25 1563.3 -2.42488e-23 -5.07689e+08)
(12569 212.344 -2.8335e-13 -425.746 -1.7614e-09 -5.0769e+08)
(12375.8 -96.1009 5.79358e-13 -2611.63 3.52279e-09 -5.0769e+08)
(12148.4 -610.447 2.95589e-13 -4945.08 1.76139e-09 -5.07691e+08)
(11798.2 -1342.27 6.02401e-13 -7333 3.52277e-09 -5.07691e+08)
(11239.4 -2250.45 -3.06416e-13 -9698.29 -1.76138e-09 -5.07692e+08)
(10482.9 -3373.71 -1.76145e-09 -12052.2 3.34156e-13 -5.07693e+08)
(9600.86 -5233.76 0 -14743.4 0 -5.07693e+08)
(9340.18 -8057.05 -1.21006e-23 -18401.3 2.54029e-27 -5.07694e+08)
(9447.95 -8948.76 0 -24219.5 0 -5.07696e+08)
(22353.6 -5663.08 1.69606e-09 8150.53 -2.24822e-10 -5.07685e+08)
(21533.3 -4751.51 -1.85269e-13 8319.62 -1.76142e-09 -5.07685e+08)
(20654.2 -3857.88 -1.76146e-09 8184.41 2.26021e-13 -5.07686e+08)
(19848.4 -2978.5 1.17351e-23 7906.34 1.20988e-23 -5.07686e+08)
(19088 -2107.83 8.40987e-24 7464.86 5.86555e-24 -5.07686e+08)
(18373.7 -1274.56 -2.37064e-13 6873.89 -1.76142e-09 -5.07686e+08)
(17699.3 -519.102 3.52266e-09 6115.83 -1.76192e-09 -5.07687e+08)
(17070.1 110.091 -1.76145e-09 5202.17 2.57819e-13 -5.07687e+08)
(16483.3 573.721 -3.5229e-09 4103.24 5.28351e-13 -5.07688e+08)
(15951.4 837.565 1.76117e-09 2814.29 -1.76168e-09 -5.07688e+08)
(15480.9 884.488 2.99869e-26 1285.11 3.63732e-23 -5.07688e+08)
(15088.9 716.511 1.76116e-09 -496.942 -1.76169e-09 -5.07689e+08)
(14766 362.404 1.76145e-09 -2563.88 -2.96005e-13 -5.07689e+08)
(14476.6 -136.722 -3.04776e-13 -4846.4 -1.76139e-09 -5.0769e+08)
(14098.3 -735.603 -1.76145e-09 -7234.1 3.16216e-13 -5.07691e+08)
(13440.2 -1357.48 -3.52323e-09 -9478.13 -1.76072e-09 -5.07691e+08)
(12350.9 -2114.47 1.76145e-09 -11388.1 -3.39216e-13 -5.07692e+08)
(11131.8 -3814.32 1.76145e-09 -13208.3 -3.56737e-13 -5.07693e+08)
(10020.3 -7070.38 6.05032e-24 -16134.6 -1.3128e-27 -5.07694e+08)
(9411.2 -9074.66 -2.01677e-24 -21857.7 1.35789e-27 -5.07695e+08)
(27393 -4329.74 -6.05042e-24 6401.98 7.17508e-28 -5.07685e+08)
(26360.6 -3462.77 -1.93555e-13 6524.08 -1.76141e-09 -5.07685e+08)
(25244.3 -2621.89 -2.88035e-27 6409.91 -2.44445e-23 -5.07685e+08)
(24200.8 -1798.05 0 6200.62 0 -5.07685e+08)
(23216.2 -983.215 3.18839e-27 5880.94 2.40533e-23 -5.07686e+08)
(22283 -198.972 2.45437e-13 5445.8 1.76141e-09 -5.07686e+08)
(21395.5 515.019 -2.56718e-13 4885.76 -1.76141e-09 -5.07686e+08)
(20548.6 1109.79 -5.34605e-13 4196.83 -3.52281e-09 -5.07687e+08)
(19740.3 1538.48 0 3357.22 0 -5.07687e+08)
(18978.6 1756.96 2.86201e-13 2338.81 1.7614e-09 -5.07687e+08)
(18284 1735.09 -2.42034e-23 1083.76 -1.21205e-23 -5.07688e+08)
(17689.8 1465.86 3.01748e-13 -471.97 1.7614e-09 -5.07688e+08)
(17239 989.785 -6.16663e-13 -2398.19 -3.52278e-09 -5.07689e+08)
(16939.3 390.282 -3.14462e-13 -4703.3 -1.76139e-09 -5.07689e+08)
(16698.5 -182.582 -6.41557e-13 -7265.9 -3.52276e-09 -5.0769e+08)
(16279.6 -519.018 3.28117e-13 -9674.49 1.76137e-09 -5.07691e+08)
(15342.7 -739.581 0 -11426.9 0 -5.07691e+08)
(13528.8 -1938.86 -4.8165e-27 -12387.6 -2.44439e-23 -5.07692e+08)
(11669.3 -5286.32 2.41964e-23 -13247.5 -2.44493e-23 -5.07693e+08)
(9938.07 -8919.05 -4.03458e-24 -17660.7 -2.44409e-23 -5.07694e+08)
(32507.1 -2775.37 -1.76149e-09 4737.2 2.07832e-13 -5.07684e+08)
(31202.8 -1936.16 6.06251e-24 4794.05 -7.45978e-28 -5.07684e+08)
(29842.2 -1142.25 5.67363e-24 4711.3 1.83814e-23 -5.07684e+08)
(28560.9 -366.666 1.17354e-23 4558.04 1.20987e-23 -5.07685e+08)
(27365.7 396.018 1.76148e-09 4357.12 -2.40283e-13 -5.07685e+08)
(26233.3 1138.74 -1.76148e-09 4052.82 2.47107e-13 -5.07685e+08)
(25162.8 1819.32 -1.76148e-09 3684.37 2.53761e-13 -5.07686e+08)
(24124.2 2394.85 0 3197 0 -5.07686e+08)
(23121 2806.51 1.76147e-09 2624.81 -2.67877e-13 -5.07686e+08)
(22137 3002.53 1.76147e-09 1878.16 -2.75986e-13 -5.07687e+08)
(21205.2 2926.48 -1.8149e-23 947.769 1.21273e-23 -5.07687e+08)
(20357.3 2548.86 -1.76147e-09 -326.732 2.95452e-13 -5.07688e+08)
(19694.3 1882.92 -1.76147e-09 -2015.77 3.06696e-13 -5.07688e+08)
(19300.9 1026.45 0 -4312.26 0 -5.07689e+08)
(19241.5 238.836 1.76147e-09 -7145.74 -3.28955e-13 -5.0769e+08)
(19365.2 -79.2064 -6.45588e-24 -10152.6 -1.21229e-23 -5.0769e+08)
(19142.5 219.794 3.95876e-25 -12415.4 2.42e-23 -5.07691e+08)
(17958.4 100.885 1.76147e-09 -12528.9 -3.58655e-13 -5.07691e+08)
(15066.7 -2741.42 1.21033e-23 -10686.9 1.2317e-23 -5.07691e+08)
(11005.9 -8428.45 -2.01732e-24 -10277.9 -1.19272e-23 -5.07692e+08)
(37615.6 -1012.55 -1.99664e-13 3114.81 -1.76139e-09 -5.07683e+08)
(36056.3 -218.316 0 3148.28 0 -5.07683e+08)
(34418.9 530.748 3.02363e-24 3074.14 -1.25158e-23 -5.07684e+08)
(32907.4 1249.14 0 2996.16 0 -5.07684e+08)
(31509 1958.86 -3.02518e-24 2873.65 3.9152e-25 -5.07684e+08)
(30212.1 2654.48 -1.21027e-23 2706.59 -1.21227e-23 -5.07685e+08)
(28984.8 3306.67 0 2476.97 0 -5.07685e+08)
(27805.2 3869.99 0 2198.1 0 -5.07685e+08)
(26641.1 4288.24 0 1843.32 0 -5.07686e+08)
(25479.9 4496.19 -6.04829e-24 1398.55 1.21253e-23 -5.07686e+08)
(24308.7 4418.43 -6.05252e-24 783.857 -1.17323e-23 -5.07687e+08)
(23164.5 3984.79 2.24347e-27 -92.4066 1.21243e-23 -5.07687e+08)
(22127.8 3147.3 0 -1423.73 0 -5.07688e+08)
(21383 1945.73 0 -3443.21 0 -5.07688e+08)
(21200.5 646.277 0 -6353.11 0 -5.07689e+08)
(21834.4 -152.427 2.37233e-27 -10102.2 1.21242e-23 -5.0769e+08)
(23145.8 197.623 0 -13725.1 0 -5.0769e+08)
(23479.2 999.21 3.02496e-23 -14937.9 -1.25212e-23 -5.0769e+08)
(20517.2 -296.087 -2.60095e-27 -9469.75 -1.21242e-23 -5.0769e+08)
(13454.9 -7024.74 -5.85575e-28 1492.21 -1.21244e-23 -5.07689e+08)
(42727.7 815.856 -3.30939e-09 1577.1 1.67208e-10 -5.07682e+08)
(40815.1 1524.44 1.76174e-09 1602.01 1.76117e-09 -5.07683e+08)
(38921.3 2193.99 2.34683e-24 1563.2 1.95256e-25 -5.07683e+08)
(37191.8 2825.67 1.96428e-25 1550.88 6.05007e-24 -5.07683e+08)
(35613.5 3454.83 1.76151e-09 1493.42 -2.38897e-13 -5.07684e+08)
(34178.2 4077.94 -1.76123e-09 1432.29 1.76163e-09 -5.07684e+08)
(32837.7 4679.93 -1.76121e-09 1315.2 1.76164e-09 -5.07684e+08)
(31572.3 5216.86 0 1202.92 0 -5.07685e+08)
(30325.3 5644.32 1.76149e-09 1032.54 -2.68149e-13 -5.07685e+08)
(29070.3 5893.51 1.76181e-09 849.299 1.76111e-09 -5.07685e+08)
(27744.5 5887.2 6.05266e-24 543.28 1.19278e-23 -5.07686e+08)
(26333.2 5521.84 -1.76114e-09 99.921 1.76169e-09 -5.07686e+08)
(24829.1 4683.89 -1.76148e-09 -708.702 3.14213e-13 -5.07687e+08)
(23369.2 3298.2 3.53582e-13 -2086.23 1.76139e-09 -5.07687e+08)
(22303.7 1446.28 1.76147e-09 -4510.37 -3.47088e-13 -5.07688e+08)
(22363.7 -369.444 3.55908e-13 -8503.26 1.76137e-09 -5.07689e+08)
(24232.5 -1236.38 -1.19318e-23 -14097 -1.20975e-23 -5.0769e+08)
(27067.8 -282.87 1.7615e-09 -18396.3 -3.45193e-13 -5.0769e+08)
(27005.2 752.147 4.88903e-27 -11993.5 2.48349e-23 -5.07689e+08)
(17831.9 -4719.23 1.84526e-29 17353.6 3.91119e-25 -5.07684e+08)
(47873.5 2281.33 1.76176e-09 349.692 1.76117e-09 -5.07681e+08)
(45374.5 2872.55 2.32768e-13 300.987 1.76138e-09 -5.07682e+08)
(43255.3 3390.06 -1.76177e-09 323.889 -1.76116e-09 -5.07682e+08)
(41329.1 3876.67 0 334.613 0 -5.07683e+08)
(39600.1 4359.65 1.76125e-09 348.367 -1.76162e-09 -5.07683e+08)
(38041.3 4848.62 1.76151e-09 334.141 -2.45102e-13 -5.07683e+08)
(36637.6 5329.31 -1.76122e-09 325.312 1.76164e-09 -5.07684e+08)
(35347.3 5779.09 -1.76151e-09 296.685 2.59537e-13 -5.07684e+08)
(34136.5 6163.75 1.7615e-09 283.36 -2.67344e-13 -5.07684e+08)
(32931.1 6440.06 -3.59841e-23 245.171 5.64205e-27 -5.07685e+08)
(31654.4 6546.31 -3.3206e-13 198.213 -1.76139e-09 -5.07685e+08)
(30177.8 6395.56 -3.9113e-25 66.9679 6.64542e-29 -5.07685e+08)
(28365.2 5862.55 2.44146e-27 -202.791 1.21002e-23 -5.07686e+08)
(26073.4 4782.43 3.66391e-13 -810.624 1.76139e-09 -5.07686e+08)
(23318.9 2984.74 2.57418e-27 -2196.6 1.21002e-23 -5.07687e+08)
(20595.3 517.103 1.21262e-23 -5207.1 6.04751e-24 -5.07689e+08)
(19217.1 -1860.59 -1.76147e-09 -10987 3.77648e-13 -5.0769e+08)
(21254.3 -2573.95 -3.31389e-13 -18415.3 -1.76135e-09 -5.07692e+08)
(24616.6 -589.006 -2.73022e-13 -16553 -1.76135e-09 -5.0769e+08)
(20137.7 -1198.86 -6.83851e-14 31591.4 -1.76148e-09 -5.0768e+08)
(52567.9 3527.82 -1.63263e-09 -542.863 5.92929e-10 -5.0768e+08)
(49607.5 3834.8 -1.76154e-09 -559.976 5.18391e-14 -5.07681e+08)
(47277.4 4100.09 -1.76154e-09 -516.645 5.38802e-14 -5.07682e+08)
(45171.5 4352.84 0 -487.667 0 -5.07682e+08)
(43277.8 4598.54 1.76153e-09 -452.99 -5.76969e-14 -5.07682e+08)
(41599.3 4842.89 1.76152e-09 -433.418 -5.94199e-14 -5.07683e+08)
(40151 5083.71 -1.76152e-09 -400.56 6.10706e-14 -5.07683e+08)
(38917.9 5321.63 -1.76152e-09 -375.687 6.27364e-14 -5.07683e+08)
(37875.6 5551.55 1.76151e-09 -328.266 -6.4536e-14 -5.07684e+08)
(36953.5 5769.53 -2.40558e-23 -284.691 -2.01579e-24 -5.07684e+08)
(36053.7 5964.59 1.21251e-23 -216.043 -4.75707e-28 -5.07684e+08)
(35000.1 6120.92 -3.92302e-25 -156.102 -2.01668e-24 -5.07684e+08)
(33531 6210.48 -2.4481e-27 -91.5825 -4.0334e-24 -5.07685e+08)
(31207.8 6176.25 1.21225e-23 -88.3794 -4.03396e-24 -5.07685e+08)
(27327.5 5919.11 -2.71702e-27 -291.338 -4.03341e-24 -5.07686e+08)
(20852.1 5267.06 1.2122e-23 -1079.18 -4.03405e-24 -5.07688e+08)
(10628.2 3980.83 -1.76144e-09 -3199.67 9.85769e-14 -5.07691e+08)
(-4011.35 2264.88 0 -7441.88 0 -5.07695e+08)
(-17810 1117.71 0 -9360.88 0 -5.07699e+08)
(379.684 559.319 0 11569.4 0 -5.0769e+08)
(-8661.7 -1228 2.33741e-09 -7124.63 -5.63332e-09 -5.07696e+08)
(-10495.5 -7410.74 -5.44656e-10 -5402.9 -4.96172e-09 -5.07696e+08)
(-12902.1 -12163 -2.47445e-09 -1347.67 -2.51075e-09 -5.07696e+08)
(-16232.3 -15571.2 3.85496e-10 4456.07 1.91432e-10 -5.07695e+08)
(-20119.7 -17459.4 -4.35469e-11 11489.8 2.47587e-09 -5.07694e+08)
(-24115.1 -17694.4 2.7544e-09 19102.7 5.03154e-09 -5.07693e+08)
(-27709.5 -16287.7 7.92968e-10 26533.5 -4.65867e-09 -5.07693e+08)
(-30329.9 -13379.9 -3.86684e-10 33008.9 1.01309e-09 -5.07692e+08)
(-31422.4 -9253.46 -1.07518e-09 37725.6 7.59939e-10 -5.07691e+08)
(-29970.3 -4159.36 0 40568.9 0 -5.0769e+08)
(-4572.61 -1065.52 1.06818e-11 -5303.41 -2.76426e-09 -5.07695e+08)
(-6156.32 -6632.73 2.3688e-09 -3801.95 -8.54036e-09 -5.07695e+08)
(-8282.5 -10953.1 2.35125e-09 -208.591 -5.69611e-09 -5.07694e+08)
(-11289.1 -14126.6 1.32993e-09 4942.4 -8.24943e-09 -5.07694e+08)
(-14898.7 -16010.8 -9.33458e-11 11211.6 2.68377e-09 -5.07693e+08)
(-18774.4 -16483.4 -3.37824e-09 18055.7 -9.82089e-10 -5.07692e+08)
(-22522.9 -15518.8 -1.12621e-10 24854.1 6.86961e-09 -5.07692e+08)
(-25698.4 -13204.6 2.29149e-09 30941.1 -3.60384e-09 -5.07691e+08)
(-27969.5 -9820.69 -3.17477e-11 35511.8 2.20951e-09 -5.07691e+08)
(-27838.1 -5579.98 1.51499e-09 38495.5 -6.04918e-10 -5.0769e+08)
(-786.704 -958.262 -2.11148e-11 -3748.14 5.46378e-09 -5.07693e+08)
(-2213.02 -6067.56 -2.35156e-09 -2524.81 5.74839e-09 -5.07693e+08)
(-4194.01 -10087.9 -2.3183e-09 457.103 2.96124e-09 -5.07693e+08)
(-7043.66 -13141.1 3.48508e-09 4754 -1.02602e-09 -5.07693e+08)
(-10541.8 -15112.8 2.321e-09 10022.7 -3.0996e-09 -5.07692e+08)
(-14414.6 -15884.7 3.50627e-09 15846.9 7.79881e-10 -5.07692e+08)
(-18329.6 -15399.7 -1.55179e-10 21751 6.31676e-10 -5.07692e+08)
(-21929 -13700.7 -3.31277e-09 27203.9 -2.85746e-09 -5.07691e+08)
(-24876.2 -10963.3 -4.32855e-11 31574.8 1.84621e-10 -5.07691e+08)
(-25576.6 -7237.02 -1.12e-09 34906.1 -3.32404e-09 -5.0769e+08)
(2777.02 -859.07 -3.13738e-42 -2369.39 -7.92246e-44 -5.07692e+08)
(1480.22 -5552.99 1.12183e-09 -1367.37 2.53636e-09 -5.07692e+08)
(-351.002 -9288.09 -1.60357e-10 1108.69 8.06966e-09 -5.07692e+08)
(-3020.66 -12206.7 -1.32671e-09 4689.16 8.0467e-09 -5.07692e+08)
(-6351.38 -14221.8 1.25238e-09 9102.03 -2.95053e-09 -5.07692e+08)
(-10114.7 -15224.1 -2.43727e-09 14028.6 1.13144e-09 -5.07691e+08)
(-14036.6 -15145.3 -3.27172e-09 19101.3 -8.08371e-09 -5.07691e+08)
(-17820.2 -13990 2.44968e-09 23909.8 -1.49529e-09 -5.07691e+08)
(-21207.1 -11852.8 -9.67259e-11 27983 2.58615e-10 -5.07691e+08)
(-22563.1 -8653.24 3.88571e-09 31408 -6.60508e-10 -5.0769e+08)
(6194.11 -757.723 1.15141e-09 -1160.23 -7.17984e-11 -5.07691e+08)
(5028.88 -5059.94 1.20765e-09 -336.704 -5.41197e-09 -5.07691e+08)
(3348.72 -8512.23 0 1716.76 0 -5.07691e+08)
(871.619 -11276.1 -1.24391e-09 4689.87 2.89569e-09 -5.07691e+08)
(-2255.07 -13289 -1.16786e-09 8371.53 2.97751e-10 -5.07691e+08)
(-5843.48 -14457.1 6.57495e-11 12514.1 -2.44517e-09 -5.07691e+08)
(-9666.41 -14707.6 -1.19287e-10 16838.5 4.71179e-09 -5.07691e+08)
(-13500.3 -14021.8 1.11384e-09 21030.8 6.06378e-09 -5.07691e+08)
(-17103.6 -12415.4 -8.52933e-11 24759.4 2.29971e-09 -5.07691e+08)
(-19037.9 -9780.46 -1.26013e-09 28066.2 6.91926e-09 -5.0769e+08)
(9555.87 -654.049 -2.31484e-09 -115.302 1.35695e-10 -5.0769e+08)
(8502.71 -4587.55 1.221e-09 557.626 -2.96716e-09 -5.0769e+08)
(6968.8 -7762.41 3.52264e-09 2257 -3.03097e-09 -5.0769e+08)
(4685.07 -10355.6 -1.19578e-09 4718.24 2.85926e-10 -5.0769e+08)
(1774.19 -12327.7 -1.24523e-09 7775.61 2.77522e-09 -5.0769e+08)
(-1606.25 -13600.2 1.29536e-10 11239.7 -4.81703e-09 -5.0769e+08)
(-5266.16 -14100 1.26298e-09 14901.1 -5.52678e-10 -5.0769e+08)
(-9025.44 -13786.5 1.18617e-09 18528.3 1.69771e-09 -5.0769e+08)
(-12717.2 -12638.8 9.09664e-11 21879.3 -6.32224e-09 -5.0769e+08)
(-15010.7 -10540 -1.60859e-09 24953.2 5.24871e-10 -5.0769e+08)
(12914.8 -549.893 -3.136e-42 767.603 -6.87454e-44 -5.07689e+08)
(11974.5 -4138.71 -8.9825e-11 1316.83 7.96096e-09 -5.07689e+08)
(10575.1 -7044.88 1.23398e-09 2719.24 -2.81542e-09 -5.07689e+08)
(8472.94 -9457.8 1.17726e-09 4749.4 -1.95525e-10 -5.07689e+08)
(5771.68 -11357.4 -3.68992e-09 7276.99 1.05474e-09 -5.07689e+08)
(2608.86 -12678.6 -1.12178e-09 10158.4 1.30004e-10 -5.07689e+08)
(-855.754 -13350.7 3.69746e-09 13238.2 9.27577e-10 -5.07689e+08)
(-4496.92 -13325 -2.648e-09 16341.5 -8.35588e-10 -5.0769e+08)
(-8161.2 -12553.1 -1.06598e-09 19296.4 -5.98228e-09 -5.0769e+08)
(-10707.5 -10945 4.26518e-09 22057.3 -3.89765e-09 -5.0769e+08)
(16330.3 -447.784 1.15927e-09 1487.89 2.59404e-09 -5.07688e+08)
(15481.3 -3716.65 -4.295e-11 1934.94 2.70416e-09 -5.07688e+08)
(14205.1 -6364.78 2.17768e-11 3089.22 -6.43257e-11 -5.07688e+08)
(12270 -8592.4 2.76428e-11 4757.82 -2.46637e-09 -5.07688e+08)
(9767.57 -10395.2 -1.33224e-09 6837.81 5.16017e-09 -5.07688e+08)
(6819.68 -11718.6 1.14527e-09 9221.49 4.37986e-09 -5.07689e+08)
(3556.43 -12497.5 -5.48023e-11 11792.6 1.11068e-10 -5.07689e+08)
(78.1408 -12673.9 -3.97676e-09 14422.7 1.63421e-09 -5.07689e+08)
(-3496.95 -12192.6 -1.12997e-11 16987.4 1.01104e-08 -5.07689e+08)
(-6144.03 -10994.5 2.6954e-09 19414.4 6.08137e-10 -5.07689e+08)
(19828 -347.609 2.03688e-11 2052.89 -5.27073e-09 -5.07687e+08)
(19073.5 -3318.72 -1.09784e-09 2418.27 -7.74601e-09 -5.07687e+08)
(17907.1 -5721.44 -1.18139e-09 3365.99 1.11802e-10 -5.07687e+08)
(16121.7 -7762.41 3.68085e-09 4731.33 -7.15089e-10 -5.07687e+08)
(13801 -9449.78 7.28254e-12 6433.35 -4.64709e-09 -5.07688e+08)
(11052.2 -10739.3 -3.7894e-09 8390.92 3.25873e-09 -5.07688e+08)
(7985.39 -11569.4 1.50173e-09 10518.9 -7.27042e-09 -5.07688e+08)
(4680.33 -11878.3 3.91592e-09 12722 4.9604e-09 -5.07688e+08)
(1250.97 -11606.8 -2.94198e-10 14913.5 1.05917e-08 -5.07689e+08)
(-1455.2 -10740.9 -4.47501e-09 16995.5 7.51663e-09 -5.07689e+08)
(23449 -250.874 3.05528e-11 2460.8 -7.90629e-09 -5.07686e+08)
(22768.7 -2944.78 2.4749e-09 2757.68 -8.05281e-09 -5.07686e+08)
(21702.7 -5112.51 3.54357e-09 3536.9 2.20098e-09 -5.07686e+08)
(20053.4 -6967.24 -2.5045e-09 4650.12 5.02746e-10 -5.07687e+08)
(17897.5 -8526.57 4.39091e-10 6033.55 -1.24255e-08 -5.07687e+08)
(15331.6 -9754.73 -2.16467e-11 7627.74 -4.47013e-09 -5.07687e+08)
(12454 -10591.6 2.87114e-09 9371.74 -1.1121e-09 -5.07687e+08)
(9334.69 -10972.4 6.69619e-09 11197.9 -4.19955e-09 -5.07688e+08)
(6051.03 -10845.8 8.81067e-11 13041 -6.12196e-09 -5.07688e+08)
(3385.06 -10231.2 -3.35334e-09 14799.7 -1.15732e-09 -5.07688e+08)
(27209.4 -154.82 -5.04758e-11 2731.85 1.30625e-08 -5.07685e+08)
(26610.2 -2586.27 3.51171e-09 2972.38 7.49232e-09 -5.07685e+08)
(25632.9 -4530.58 2.32433e-09 3610.91 2.42358e-09 -5.07686e+08)
(24103.6 -6200.39 -3.64718e-09 4511.83 -1.9658e-09 -5.07686e+08)
(22092 -7623.7 -2.6018e-09 5625.92 5.23617e-09 -5.07686e+08)
(19689.7 -8768.13 2.82723e-09 6908.35 -7.67975e-09 -5.07686e+08)
(16984.8 -9577.54 2.61289e-09 8320.46 -6.01848e-10 -5.07686e+08)
(14026.2 -9987.47 1.36608e-10 9810.17 -6.45647e-09 -5.07687e+08)
(10892.1 -9953.23 8.83155e-11 11330.9 -6.13705e-09 -5.07687e+08)
(8271.56 -9521.02 2.5607e-13 12779.5 -5.04646e-11 -5.07687e+08)
(31144.7 -60.2591 -2.40842e-09 2853.34 5.328e-09 -5.07684e+08)
(30607.5 -2243.46 -2.47311e-09 3054.88 7.84816e-09 -5.07685e+08)
(29711.6 -3967 -1.22632e-09 3575.66 1.30648e-10 -5.07685e+08)
(28290.2 -5453.54 -1.22219e-09 4300.36 1.30227e-10 -5.07685e+08)
(26407.4 -6732.65 -2.7663e-09 5185.53 7.71052e-09 -5.07685e+08)
(24151.1 -7777.54 -2.56299e-09 6204.2 4.57763e-10 -5.07685e+08)
(21594.3 -8533.19 2.70618e-09 7328.3 1.50947e-09 -5.07686e+08)
(18784.1 -8936.26 2.69367e-09 8524.09 1.43748e-09 -5.07686e+08)
(15787.8 -8946.32 4.47557e-09 9750.62 5.43959e-10 -5.07686e+08)
(13262.7 -8633.27 1.02478e-09 10923.5 1.09036e-09 -5.07687e+08)
(35272 39.3775 1.23036e-09 2850 -7.82036e-09 -5.07684e+08)
(34805.7 -1898.78 1.22833e-09 3017.98 -2.60276e-09 -5.07684e+08)
(33980.2 -3406.1 -1.18843e-09 3438.1 -2.4097e-09 -5.07684e+08)
(32650.8 -4708.96 3.13401e-11 4015.02 -4.2852e-11 -5.07684e+08)
(30877.7 -5835.72 -2.69939e-09 4704.34 2.86426e-09 -5.07684e+08)
(28741.6 -6767.7 2.38007e-11 5497.8 4.47729e-09 -5.07684e+08)
(26310.1 -7447.56 3.83773e-09 6370.93 5.93481e-09 -5.07685e+08)
(23632.3 -7813.1 -2.23454e-13 7306.75 1.05635e-11 -5.07685e+08)
(20779.8 -7828.2 -1.53158e-13 8268.46 1.06467e-11 -5.07686e+08)
(18306.7 -7583.46 -1.69173e-09 9182.47 -5.48214e-09 -5.07686e+08)
(39631.7 139.851 -3.13405e-42 2689.42 -4.14406e-44 -5.07683e+08)
(39214.4 -1549.38 2.88857e-11 2827.72 -2.5609e-09 -5.07683e+08)
(38451.8 -2837 4.48609e-11 3176.32 -2.52259e-09 -5.07683e+08)
(37201.6 -3944.89 1.26924e-09 3626.22 -1.38956e-10 -5.07683e+08)
(35521.9 -4913.09 2.25505e-11 4158.12 -2.34789e-09 -5.07683e+08)
(33485.4 -5714.93 4.79192e-11 4753.82 -2.57042e-11 -5.07683e+08)
(31166.7 -6300.54 -1.40956e-12 5417.38 -2.1662e-09 -5.07684e+08)
(28614 -6600.45 -1.40034e-09 6120.62 2.60109e-10 -5.07684e+08)
(25874.7 -6592.08 -5.778e-11 6847.64 4.01743e-09 -5.07685e+08)
(23479.5 -6375.06 1.7406e-09 7539.66 -2.14423e-09 -5.07685e+08)
(44245.9 255 -3.13394e-42 2370.33 -3.71894e-44 -5.07682e+08)
(43887.6 -1173.38 0 2493.6 0 -5.07682e+08)
(43174.9 -2233.49 -1.3342e-10 2781.81 7.50302e-09 -5.07682e+08)
(41986.7 -3138.06 0 3128.89 0 -5.07682e+08)
(40376.7 -3931.31 -2.75109e-09 3524.24 5.05335e-09 -5.07682e+08)
(38419.9 -4586.34 2.17574e-10 3955.53 -4.6853e-09 -5.07683e+08)
(36192.6 -5055.57 4.18842e-09 4435.35 -2.82244e-09 -5.07683e+08)
(33736.3 -5271.14 4.3226e-09 4938.01 1.3452e-09 -5.07683e+08)
(31085.4 -5215.44 -1.69612e-09 5459.18 4.33848e-10 -5.07684e+08)
(28703.4 -4990.42 -4.64519e-09 5953.44 2.86886e-09 -5.07684e+08)
(49185.1 379.638 -9.82685e-12 1857.77 2.54396e-09 -5.07681e+08)
(48851.5 -782.857 3.6949e-09 1989.05 -1.41232e-10 -5.07681e+08)
(48173.2 -1591.6 2.73051e-11 2227.21 -4.87799e-09 -5.07681e+08)
(47032.2 -2278.52 8.50235e-11 2496.67 -7.76461e-11 -5.07681e+08)
(45471.3 -2871.82 -2.75016e-09 2771.13 3.55931e-10 -5.07681e+08)
(43573 -3361.55 -3.99933e-09 3077.47 4.9008e-09 -5.07682e+08)
(41406.6 -3690.98 4.269e-09 3394.01 -4.90809e-09 -5.07682e+08)
(39012.4 -3802.66 -1.66141e-11 3736.96 -2.07648e-09 -5.07682e+08)
(36408.9 -3672.04 1.5684e-10 4083.23 -6.08881e-09 -5.07683e+08)
(34022.9 -3407.42 1.55681e-09 4421.78 -2.60202e-10 -5.07683e+08)
(54477.9 513.958 -1.22541e-09 1187.04 2.74456e-11 -5.07679e+08)
(54162.2 -364.059 -3.70164e-09 1317.93 9.2271e-11 -5.0768e+08)
(53506.3 -922.779 1.70993e-10 1517.72 -7.51138e-09 -5.0768e+08)
(52389.7 -1368.33 2.35593e-09 1708.39 7.16572e-09 -5.0768e+08)
(50850.3 -1743.71 1.84548e-10 1896.8 -7.10542e-09 -5.0768e+08)
(48968.4 -2041.53 -2.86541e-09 2092.31 4.82583e-09 -5.07681e+08)
(46820.9 -2214.74 9.90629e-11 2292.53 -5.66916e-11 -5.07681e+08)
(44439.3 -2199.17 2.90553e-09 2503.69 -2.40759e-09 -5.07681e+08)
(41853.7 -1976.85 -2.89993e-11 2718.81 2.01838e-09 -5.07682e+08)
(39368.8 -1648.43 -9.7149e-12 2917 1.92394e-09 -5.07683e+08)
(60190.8 618.01 3.52352e-14 478.47 -9.1201e-12 -5.07678e+08)
(59872.4 15.9042 5.63609e-11 621.336 -4.99856e-09 -5.07678e+08)
(59236.5 -277.631 3.57241e-09 771.247 1.22218e-08 -5.07678e+08)
(58121.6 -469.539 -1.29505e-10 883.978 2.48092e-09 -5.07679e+08)
(56564.7 -616.018 -3.89322e-09 1000.79 1.65671e-10 -5.07679e+08)
(54648.3 -710.17 0 1107.3 0 -5.07679e+08)
(52453.2 -717.565 -1.11506e-10 1218.3 4.40834e-09 -5.0768e+08)
(50017.4 -572.205 1.4877e-09 1329.62 -1.22745e-10 -5.0768e+08)
(47365.8 -259.243 3.05355e-09 1442.72 -2.68578e-10 -5.07681e+08)
(44796.4 100.101 -1.94434e-09 1542.25 2.40838e-11 -5.07682e+08)
(66160.4 603.691 -3.69486e-09 -334.91 -4.97283e-09 -5.07677e+08)
(65989.2 320.83 2.49993e-09 -139.709 2.41253e-09 -5.07677e+08)
(65373.3 304.635 3.72694e-09 -46.0315 -8.50033e-12 -5.07677e+08)
(64226.4 364.015 -3.68036e-09 15.6558 -7.15331e-09 -5.07677e+08)
(62606.2 448.015 -1.36476e-09 80.7972 2.38195e-09 -5.07678e+08)
(60596.8 548.407 -6.124e-11 143.897 2.2796e-09 -5.07678e+08)
(58274.7 696.085 0 205.827 0 -5.07679e+08)
(55693.7 940.816 -4.48021e-11 287.824 2.12058e-09 -5.07679e+08)
(52838.5 1275.69 2.91453e-11 351.963 -2.03003e-09 -5.0768e+08)
(50296.6 1616.48 -7.75437e-14 408.45 1.53905e-11 -5.07681e+08)
(72044.5 267.452 3.77496e-09 -972.646 -2.50869e-09 -5.07676e+08)
(72675.9 559.006 2.34563e-09 -844.913 2.48801e-09 -5.07676e+08)
(71995.5 907.147 -1.0423e-09 -818.504 -2.45385e-09 -5.07676e+08)
(70738.3 1259.11 1.39203e-09 -790.681 -8.06341e-10 -5.07676e+08)
(69004.9 1602.53 1.20637e-09 -752.337 7.78935e-10 -5.07677e+08)
(66831.6 1934.19 -1.48049e-09 -711.837 7.65104e-10 -5.07677e+08)
(64259.8 2259 3.49486e-11 -670.983 -1.04148e-12 -5.07678e+08)
(61326.2 2583.79 -1.24436e-10 -624.59 7.07127e-10 -5.07678e+08)
(58184.4 2891.27 1.58485e-09 -575.332 -1.02972e-11 -5.07679e+08)
(55449.8 3183.88 1.29589e-09 -532.517 1.28361e-09 -5.0768e+08)
)
;

boundaryField
{
    left
    {
        type            symmetryPlane;
    }
    right
    {
        type            calculated;
        value           nonuniform List<symmTensor> 
30
(
(10000.1 -166.818 4.57297e-14 -61227.5 2.53009e-09 -5.07704e+08)
(10001.8 -824.658 -4.33636e-14 -61697.9 3.65479e-09 -5.07704e+08)
(10004.9 -1456.49 6.31464e-17 -60940.8 -1.4029e-11 -5.07704e+08)
(10008.9 -2062.66 2.14948e-14 -59646.9 2.89554e-09 -5.07704e+08)
(10013.3 -2648.47 -5.27396e-14 -57926.1 9.49791e-10 -5.07703e+08)
(10017.3 -3200.51 3.37538e-14 -55805.1 -2.69016e-09 -5.07703e+08)
(10020.3 -3706.11 2.06654e-14 -53243.7 -1.42331e-09 -5.07702e+08)
(10022 -4204.49 7.24359e-14 -50647.5 -4.39547e-09 -5.07702e+08)
(10022.5 -4761.35 -1.17138e-14 -48197.7 1.75774e-09 -5.07701e+08)
(10016.9 -5380.5 -6.15563e-14 -45681 2.91844e-09 -5.07701e+08)
(10005.7 -5899.42 -3.20428e-15 -43043.8 1.34755e-10 -5.077e+08)
(10000 -6264 2.04367e-28 -40250.7 -6.45115e-24 -5.07699e+08)
(10000 -6512.22 -4.51876e-14 -37462.5 1.7613e-09 -5.07699e+08)
(10000 -6674.54 -4.63139e-14 -34958.5 1.76131e-09 -5.07698e+08)
(10000 -6793.58 9.42798e-14 -32853.8 -3.52263e-09 -5.07698e+08)
(10000 -6902.67 3.45247e-28 -31153.4 -1.21228e-23 -5.07697e+08)
(10000 -7024.25 -3.0639e-28 -29810.5 1.21259e-23 -5.07697e+08)
(10000 -7169.51 4.97484e-14 -28747.8 -1.76133e-09 -5.07697e+08)
(10000 -7346.43 -5.09761e-14 -27883.5 1.76133e-09 -5.07696e+08)
(10000 -7560.53 2.36475e-29 -27119.1 -3.8996e-25 -5.07696e+08)
(10000 -7821.42 -3.73575e-28 -26364.5 1.21239e-23 -5.07696e+08)
(10000 -8138.49 -3.88719e-28 -25410.6 1.21239e-23 -5.07696e+08)
(10000 -8525.48 0 -24053.9 0 -5.07696e+08)
(10000 -8984.09 7.06067e-30 -21681 1.35789e-27 -5.07695e+08)
(10000 -9490.48 9.23087e-28 -17642.1 -2.44409e-23 -5.07694e+08)
(10000 -9945.95 4.69069e-28 -10579.7 -1.19272e-23 -5.07692e+08)
(10000 -9891.45 4.72446e-28 455.752 -1.21244e-23 -5.0769e+08)
(10000 -7964.7 -1.22716e-29 15004.1 3.91119e-25 -5.07687e+08)
(10000 -325.873 2.2612e-15 28550.1 -1.76148e-09 -5.07683e+08)
(9994.85 17101.9 0 14453.9 0 -5.07687e+08)
)
;
    }
    down
    {
        type            symmetryPlane;
    }
    up
    {
        type            calculated;
        value           nonuniform List<symmTensor> 
30
(
(71865.5 121.264 3.77496e-09 -1569.16 -3.3862e-14 -5.07676e+08)
(72453 591.91 2.34563e-09 -1587.93 4.1117e-14 -5.07676e+08)
(71770.1 1032.8 -1.0423e-09 -1569.91 -3.92759e-14 -5.07676e+08)
(70514.1 1450.16 1.39203e-09 -1537.83 -3.44467e-15 -5.07676e+08)
(68781.9 1853.08 1.20637e-09 -1495.74 1.96242e-14 -5.07677e+08)
(66611.7 2241.92 -1.48049e-09 -1444.75 -2.72032e-15 -5.07677e+08)
(64045.5 2610.1 3.49486e-11 -1385.53 3.45728e-16 -5.07678e+08)
(61117.5 2951.15 -1.24436e-10 -1320.19 7.34834e-15 -5.07679e+08)
(57981.8 3266.58 1.58485e-09 -1250.39 2.02724e-14 -5.07679e+08)
(55259 3553.23 1.29589e-09 -1168.79 3.20403e-14 -5.0768e+08)
(52398.6 3788.7 -1.63263e-09 -1107.22 -1.86058e-14 -5.0768e+08)
(49458.1 3990.92 -1.76154e-09 -1058.03 -2.76926e-14 -5.07681e+08)
(47132.4 4184.4 -1.76154e-09 -999.968 -2.90351e-14 -5.07682e+08)
(45033.1 4372.37 0 -949.086 0 -5.07682e+08)
(43142.5 4552.28 1.76153e-09 -903.967 3.15878e-14 -5.07683e+08)
(41470.1 4725.12 1.76152e-09 -864.305 3.27871e-14 -5.07683e+08)
(40022.3 4894.29 -1.76152e-09 -829.618 -3.3961e-14 -5.07683e+08)
(38790.9 5064.82 -1.76152e-09 -798.98 -3.51442e-14 -5.07684e+08)
(37742.9 5241.79 1.76151e-09 -770.677 3.63723e-14 -5.07684e+08)
(36816.3 5430.49 -2.40558e-23 -742.261 -5.24367e-28 -5.07684e+08)
(35905.4 5636.09 1.21251e-23 -710.315 2.69197e-28 -5.07684e+08)
(34845.9 5864.17 -3.92302e-25 -670.211 -1.68355e-29 -5.07684e+08)
(33373.8 6122.17 -2.4481e-27 -615.677 -1.30478e-29 -5.07685e+08)
(31073.6 6418.94 1.21225e-23 -535.846 2.96743e-28 -5.07685e+08)
(27292.3 6760.03 -2.71702e-27 -408.615 -5.88935e-30 -5.07686e+08)
(21119.9 7096.13 1.2122e-23 -186.612 3.37394e-28 -5.07687e+08)
(11657.8 7099.37 -1.76144e-09 232.016 -4.92618e-14 -5.0769e+08)
(-1511.48 5766.09 0 891.003 0 -5.07692e+08)
(-14521.8 307.781 0 1599.79 0 -5.07695e+08)
(-2842.93 -16433.1 0 827.33 0 -5.07693e+08)
)
;
    }
    hole
    {
        type            calculated;
        value           nonuniform List<symmTensor> 
20
(
(14175.7 1654.81 5.91828e-13 -10138 -5.58203e-13 -5.07691e+08)
(-629.625 14834.9 -3.35303e-09 -18089.3 2.64306e-09 -5.07697e+08)
(-19239.9 26350.5 0 -21856.1 0 -5.07702e+08)
(-40430.6 34943.1 -1.51996e-09 -21835.5 1.65462e-09 -5.07707e+08)
(-62714.7 39725 -1.93882e-09 -18821.9 8.9374e-10 -5.07711e+08)
(-84284.4 40198.9 -3.76285e-09 -13848.9 2.13532e-09 -5.07715e+08)
(-103008 36234.1 2.05373e-09 -8035.37 -5.79122e-10 -5.07718e+08)
(-117484 28503.8 6.28027e-09 -2610.11 -1.24912e-09 -5.0772e+08)
(-126533 17998 4.23945e-09 1492.07 -5.01769e-10 -5.07721e+08)
(-129609 5968.23 4.31508e-09 3623.05 -1.69596e-10 -5.07721e+08)
(309.197 -6945.68 -1.69079e-10 155742 4.30402e-09 -5.07656e+08)
(2976.97 -21106.2 -5.01993e-10 150849 4.24094e-09 -5.07657e+08)
(7971.34 -33177.2 -4.16632e-10 139181 2.09429e-09 -5.07658e+08)
(14412.9 -41761.4 1.15927e-09 121915 -4.11e-09 -5.07661e+08)
(21240.2 -46263.3 -2.13571e-09 101475 3.7634e-09 -5.07664e+08)
(26989.3 -45860 -2.68224e-09 78274.6 5.81755e-09 -5.07668e+08)
(30939.7 -41643.3 -6.11861e-10 55993.8 -3.42101e-10 -5.07672e+08)
(32399 -34238.6 3.55839e-09 35531 -5.32498e-09 -5.07677e+08)
(30264.9 -23717.3 3.96596e-09 16824.4 -5.03029e-09 -5.07681e+08)
(24516.3 -11671.9 6.86251e-14 1746.4 -7.49526e-14 -5.07686e+08)
)
;
    }
    frontAndBack
    {
        type            empty;
    }
}


// ************************************************************************* //
